-498974
-496422
-495300
-492279
-483168
-476252
-473907
-464991
-456240
-454122
-452065
-442315
-439937
-419097
-406192
-397471
-397007
-391528
-388891
-382143
-378517
-377344
-338607
-338605
-337445
-337080
-335307
-332615
-323048
-312823
-310740
-295553
-286815
-284120
-272122
-268028
-267161
-266022
-258615
-239703
-209026
-206450
-205542
-205460
-188131
-179718
-178287
-175793
-167494
-158179
-157285
-154527
-153106
-152553
-151505
-149436
-142176
-141075
-133832
-133040
-131245
-127420
-121371
-107035
-94257
-89723
-87809
-82965
-76597
-75273
-67239
-66469
-63592
-59412
-55261
-51049
-50508
-50266
-46957
-40307
-39748
-32932
-28586
-25640
-24181
-21809
-18007
-11256
-7377
-5306
146
23196
38711
42121
57990
60578
63044
64387
71832
75329
82718
91496
93786
104730
105891
112998
113123
118325
121449
132057
146330
152081
155253
164004
192008
200419
205658
210523
211032
215247
216016
216107
217833
218647
226368
233527
245021
249010
256171
261081
270285
273076
277480
278440
281137
291588
292153
303281
314550
318468
327253
328871
332349
332657
336057
341467
346269
355304
360187
362514
367603
368202
368969
378476
384037
392715
394027
396036
396200
396536
401932
402267
402928
405061
406086
411253
417818
418681
422572
426009
433663
434511
455820
456295
464694
476282
487990
491495
491782
494565
494722
