-499165
-482367
-480558
-477634
-475955
-473879
-472771
-467791
-467051
-464541
-463089
-455634
-448799
-448759
-447324
-446212
-443955
-426040
-408116
-405815
-403145
-383124
-380195
-368453
-366779
-364581
-361292
-360935
-356069
-349207
-344920
-342635
-332881
-330805
-330292
-327613
-326041
-322825
-319994
-305202
-299342
-295848
-281589
-278090
-268010
-263050
-261929
-260531
-253898
-247444
-242571
-241865
-229802
-229128
-227660
-224952
-205282
-188969
-187267
-186930
-175349
-174063
-168027
-157314
-156203
-148712
-142046
-141359
-139426
-130247
-118218
-110081
-104835
-99977
-99319
-98301
-96157
-81866
-67880
-58488
-52812
-44000
-35517
-34289
-33637
-33352
-28495
-23692
-17966
-12509
-11869
-8984
-7550
-7075
591
2128
2909
6713
14891
18231
20552
40211
48160
48614
55224
60874
69834
72204
77193
87126
89770
91966
97427
108462
109888
110219
125624
128490
134517
136032
136929
137437
139116
140903
159173
169616
173091
176551
182563
187757
194332
200813
201017
204139
205466
211546
217139
218796
228548
228767
233251
236241
248475
248885
254060
262289
266912
267171
270831
279796
281209
282017
282920
292405
306095
313144
323519
347007
348149
353641
363193
364635
374210
378082
388221
388599
409510
414368
416505
419192
422761
424665
428647
431849
438336
446493
454241
455263
469202
474378
498143
