-498712
-497565
-494365
-493684
-492635
-492579
-491394
-490108
-487850
-487764
-486580
-483602
-483013
-482902
-482058
-481969
-481029
-480624
-478911
-476243
-470855
-469711
-468232
-462642
-461748
-460273
-460233
-458392
-456054
-454999
-454356
-454156
-452797
-448808
-447439
-445408
-445025
-444866
-442200
-442049
-440524
-440179
-437637
-436838
-435623
-435206
-424402
-422234
-421992
-421795
-421073
-419427
-417272
-412191
-411884
-410973
-410295
-409993
-406636
-406002
-405803
-404673
-402386
-401371
-398688
-396876
-391852
-389407
-387944
-387798
-387221
-383980
-382194
-381894
-381576
-381138
-380531
-379111
-378965
-378931
-378333
-377907
-375868
-374018
-371892
-367767
-367024
-362628
-361676
-360653
-360573
-360033
-357777
-355888
-354045
-353838
-352966
-352015
-351568
-347536
-345900
-343791
-343185
-342996
-340543
-339720
-336348
-336217
-335848
-335054
-332206
-330806
-330770
-327260
-323406
-323130
-321299
-318989
-318560
-316781
-314893
-314739
-312331
-312086
-309882
-309460
-309049
-309008
-308109
-307900
-305166
-304300
-294080
-289095
-286549
-281925
-281896
-281070
-280934
-280050
-279586
-278475
-277828
-277074
-276164
-275737
-272288
-268828
-268587
-267320
-261639
-259309
-256680
-255679
-254921
-252938
-252128
-251300
-251298
-245657
-244184
-243168
-240948
-239777
-237164
-236306
-235743
-232080
-228010
-226453
-226450
-224993
-223873
-222840
-220328
-219953
-219465
-218790
-217654
-217647
-217637
-213436
-213390
-213200
-212714
-212138
-211154
-210686
-209395
-208693
-208366
-208104
-207856
-206322
-205022
-204951
-204712
-204343
-203401
-203246
-202494
-194216
-193314
-192416
-190542
-188132
-187777
-187303
-187191
-180900
-180496
-178609
-178086
-177163
-174912
-174057
-173307
-172456
-172389
-169637
-168870
-167980
-167164
-167069
-165019
-163730
-163223
-160451
-158868
-158128
-156587
-153988
-153974
-153779
-152476
-152028
-151065
-150701
-150693
-148580
-147824
-147761
-147720
-147358
-147121
-146808
-145903
-143657
-141245
-139966
-136639
-135950
-135875
-135100
-133353
-133304
-132722
-132328
-130747
-130645
-130077
-126466
-124991
-123983
-119756
-119334
-119042
-118486
-117481
-116186
-114780
-114255
-113493
-112537
-110757
-110691
-109444
-107363
-103972
-103061
-101934
-101902
-98058
-97783
-95474
-94179
-93513
-93402
-92168
-91709
-90366
-89273
-89252
-88052
-86887
-86265
-81998
-80574
-77707
-74357
-70951
-68433
-64050
-60940
-59970
-59660
-59053
-57833
-56484
-56067
-53953
-52352
-49730
-49007
-48718
-45612
-45304
-43814
-41129
-40990
-40052
-39362
-36693
-36663
-36265
-35548
-35088
-33768
-32608
-30310
-29136
-28609
-27446
-27257
-27232
-24801
-23653
-23442
-22264
-17785
-13430
-13099
-9594
-8615
-3781
-2172
-1862
-1307
-703
-501
-447
123
1112
1300
4225
6086
13943
15545
16532
18571
18829
20730
22913
23726
24429
24480
24596
30954
39951
40148
40787
42156
42269
44339
45088
45162
47957
50578
51019
51521
52593
54485
56569
57080
65440
67916
68532
70763
70764
74403
78297
78968
81145
84340
87834
88789
89017
89308
89730
90437
90820
92188
95325
95655
96519
100493
100772
101173
101505
104866
104877
107718
109766
111624
113518
113577
115451
115660
117646
117902
118465
128524
129046
131516
132720
133035
133215
133789
134731
137042
141106
142041
142169
144009
144789
145304
146650
147756
152138
152686
153545
153624
154566
155870
156842
157145
158098
158530
158604
161804
164061
164120
164875
166691
169263
169310
169737
169845
173367
173477
174061
180424
185610
189097
189647
191278
191380
191593
198518
201056
201939
205360
205856
206477
207476
208322
209319
213412
215573
218742
218949
219236
220814
222888
223307
223380
224573
228321
228901
235302
235535
236361
236527
236876
237080
237862
237925
238645
239862
240513
240662
240795
241920
241955
245452
248588
249973
251694
254765
257785
261239
261854
263411
264506
264857
265591
269615
270505
271649
273071
273191
273772
274744
275823
276585
280189
281336
282049
286854
289224
289671
289955
293061
298239
300634
303598
304733
305883
308779
310065
311696
312936
314334
314617
314715
318837
319611
322251
328067
328595
328640
331926
331956
334971
335095
335116
335252
335399
335415
336841
340056
343510
348725
350859
352006
352236
353218
354056
355992
356531
358269
358750
360622
361733
361982
362959
374323
375034
375090
375102
379222
379999
380247
382844
388777
388786
390097
390098
394533
394776
397980
398031
399318
402441
403513
403883
405832
409429
409979
412731
413369
415091
415698
416850
417672
418046
419145
419435
425256
425870
429778
432131
432518
437119
438373
439325
440709
441168
446302
447814
448701
449854
449983
449996
450145
450277
451177
452762
453441
453670
454094
457214
457773
457891
461290
461555
461816
464702
467401
467965
469022
469266
473440
474385
477371
479368
487378
487597
489183
491052
491401
493368
493836
494818
495092
495758
496256
497441
499917
