-499651
-499593
-499538
-499521
-499502
-499492
-499165
-498998
-498974
-498467
-497904
-497797
-497575
-497483
-497419
-496918
-496882
-496699
-496422
-496316
-496182
-495864
-495825
-495734
-495594
-495567
-495492
-495300
-495215
-494933
-494829
-494673
-494558
-494117
-493860
-493787
-493775
-493534
-493164
-492948
-492863
-492709
-492695
-492658
-492595
-492513
-492279
-492278
-492137
-491790
-491570
-491484
-491350
-491154
-490776
-490708
-490703
-490275
-490251
-489970
-489633
-489614
-489417
-489362
-489309
-489140
-488905
-488803
-488603
-488416
-488344
-488246
-487516
-487072
-487007
-486529
-486313
-486273
-485983
-485882
-485689
-485637
-485584
-484925
-484901
-484865
-484648
-484644
-484455
-484196
-483932
-483888
-483481
-483168
-483156
-482671
-482648
-482509
-482367
-482233
-482127
-481737
-481360
-481337
-480866
-480797
-480642
-480558
-480554
-480470
-480318
-480287
-479882
-479863
-479819
-479743
-479617
-479456
-479210
-479198
-479169
-479044
-478974
-478742
-478214
-477758
-477634
-477470
-476486
-476441
-476252
-476195
-476140
-475955
-475951
-475878
-475530
-475450
-474660
-474616
-474295
-474286
-473994
-473955
-473907
-473879
-473146
-473009
-472771
-472642
-471993
-471632
-471141
-471061
-471037
-470937
-470698
-470629
-469474
-469393
-469375
-468775
-468578
-468387
-468200
-467829
-467791
-467570
-467454
-467363
-467051
-466543
-466217
-466131
-465872
-465639
-465253
-464991
-464541
-464424
-464414
-463674
-463445
-463089
-463013
-462586
-462347
-462286
-462207
-462171
-462026
-461889
-461577
-461190
-461053
-460820
-460798
-460407
-460230
-460220
-460103
-459561
-459036
-458869
-458706
-458004
-457757
-457470
-457244
-457114
-456898
-456451
-456286
-456240
-455922
-455634
-455437
-455266
-455083
-454862
-454325
-454195
-454122
-453859
-452818
-452755
-452709
-452667
-452606
-452405
-452346
-452325
-452262
-452065
-452062
-451758
-451739
-451688
-451416
-450882
-450854
-450789
-450782
-450766
-450471
-450412
-450353
-450226
-449834
-449093
-449069
-448799
-448759
-448717
-448512
-448266
-448038
-447696
-447472
-447404
-447324
-447176
-447001
-446903
-446236
-446212
-446067
-445910
-445533
-444384
-443955
-443315
-443242
-443095
-442315
-442280
-442179
-442099
-441343
-441325
-440743
-440542
-440142
-440015
-439937
-438635
-438448
-438237
-438230
-438201
-437944
-437919
-437591
-436617
-436469
-436394
-436369
-436331
-436310
-435998
-435953
-435894
-435575
-435451
-435189
-435049
-434760
-434645
-434600
-434563
-434299
-434261
-434241
-434186
-434047
-433764
-433734
-433631
-433343
-433342
-433223
-433149
-432714
-432563
-432399
-432024
-431793
-431631
-431562
-431144
-430665
-430591
-430522
-430502
-430267
-429958
-429928
-429687
-429647
-429471
-429369
-428997
-428962
-428642
-428379
-427944
-427192
-426978
-426805
-426375
-426369
-426040
-425956
-425893
-425751
-425265
-424124
-423696
-423403
-422931
-422189
-421723
-421142
-421029
-421015
-420969
-420756
-420527
-420467
-420385
-420139
-419882
-419097
-419029
-418865
-418331
-418302
-418157
-417901
-417874
-417871
-417839
-417756
-417450
-417081
-417044
-416837
-416834
-416785
-416683
-416600
-416411
-416350
-416141
-415908
-415636
-415347
-415094
-415081
-414999
-414391
-414124
-414047
-413864
-413377
-413176
-412564
-411888
-411828
-411587
-411492
-411347
-410854
-410398
-410264
-410008
-409974
-409921
-409737
-409552
-409341
-409195
-409076
-408902
-408836
-408796
-408702
-408549
-408383
-408116
-407706
-407701
-407483
-406954
-406908
-406850
-406695
-406693
-406548
-406382
-406368
-406287
-406192
-406162
-405904
-405815
-405797
-405669
-405474
-405426
-405363
-405263
-404764
-404672
-403748
-403672
-403566
-403145
-403021
-402842
-402660
-401937
-401874
-401660
-401551
-401416
-401158
-401134
-400993
-400661
-400587
-400551
-400541
-400507
-400499
-400411
-400297
-400086
-400039
-399402
-399383
-399283
-399175
-399046
-398821
-398262
-397688
-397662
-397581
-397471
-397443
-397226
-397007
-396737
-396683
-396184
-396071
-395985
-395649
-395567
-395554
-395124
-394943
-394926
-393888
-393758
-393742
-393597
-393423
-393053
-393043
-392462
-391906
-391802
-391763
-391528
-391253
-391117
-390879
-390493
-390235
-390015
-389106
-388925
-388891
-388499
-387362
-387348
-386654
-386595
-386505
-386308
-385450
-385304
-385134
-385075
-384848
-384710
-384313
-384097
-384021
-384014
-383652
-383641
-383601
-383521
-383124
-383046
-383018
-383012
-382961
-382868
-382143
-382076
-382067
-381845
-380980
-380977
-380976
-380699
-380317
-380269
-380263
-380195
-379830
-379727
-379553
-379067
-378517
-378468
-378376
-378040
-377720
-377344
-377314
-377123
-376943
-376938
-376514
-376327
-376249
-375770
-375768
-375703
-375694
-375687
-375168
-375143
-375072
-374915
-374689
-374526
-373537
-373447
-372937
-372858
-372821
-372803
-372748
-372672
-372554
-372265
-372187
-372182
-371999
-371746
-371332
-371047
-370816
-370457
-370293
-370111
-369860
-369488
-369408
-368985
-368804
-368453
-367805
-367419
-367104
-367003
-366892
-366779
-366615
-366546
-366505
-366086
-365177
-364964
-364782
-364586
-364581
-364576
-364553
-364546
-363936
-363731
-363418
-363402
-363342
-363204
-363091
-362916
-362730
-362490
-361942
-361500
-361444
-361349
-361292
-361163
-361065
-360935
-360854
-360781
-360013
-359737
-359528
-359525
-359499
-358931
-358611
-358134
-357881
-357730
-357569
-356921
-356636
-356546
-356386
-356266
-356094
-356069
-356055
-355262
-355236
-355162
-355144
-355101
-355035
-354711
-354140
-353949
-353630
-353547
-353506
-353283
-353249
-353241
-353149
-353136
-352846
-352687
-352417
-352232
-351937
-351854
-351622
-351511
-350584
-350337
-350313
-349824
-349228
-349207
-349073
-349020
-347947
-347245
-346701
-346567
-346335
-346134
-345850
-345729
-345512
-344920
-344806
-343939
-343923
-343722
-343244
-343233
-342868
-342650
-342635
-342495
-342456
-342426
-342273
-342082
-342072
-342058
-341838
-341802
-341724
-341188
-341135
-341116
-340786
-340752
-340510
-340331
-340234
-340224
-340026
-339351
-339172
-338967
-338860
-338661
-338607
-338605
-338085
-337931
-337503
-337445
-337080
-336981
-336423
-336359
-336249
-336112
-335326
-335307
-335031
-334818
-334547
-333996
-333835
-333749
-333507
-333036
-333015
-332881
-332836
-332615
-332607
-332180
-332094
-332060
-332043
-331605
-330805
-330509
-330507
-330292
-330218
-330160
-329369
-329310
-329059
-329002
-328489
-328468
-328446
-327748
-327684
-327613
-327603
-327301
-327157
-327022
-326650
-326571
-326274
-326041
-325961
-325872
-325665
-325494
-325022
-324752
-324089
-324028
-323817
-323716
-323618
-323584
-323068
-323048
-322852
-322847
-322825
-322759
-322702
-322286
-322040
-321517
-321410
-321226
-321209
-320863
-320824
-320688
-320554
-320441
-320266
-320242
-319994
-319588
-319393
-319280
-318982
-318455
-317851
-317360
-317213
-316945
-316004
-315769
-315358
-314990
-314510
-313853
-313770
-313758
-313595
-312823
-312516
-312481
-312425
-312354
-312247
-311972
-311850
-311598
-311548
-311505
-311316
-310937
-310740
-310614
-310473
-309616
-309433
-309264
-308966
-308326
-308281
-308158
-308121
-308013
-307562
-307109
-306971
-306774
-306746
-306658
-306621
-306081
-305861
-305615
-305211
-305202
-305071
-305039
-304807
-304788
-304408
-304334
-304312
-303943
-303782
-303741
-303662
-303522
-303014
-302821
-302585
-302109
-301492
-301399
-301019
-300980
-300635
-300634
-300447
-300426
-299963
-299777
-299584
-299432
-299342
-299178
-299160
-298985
-298701
-298665
-298450
-298350
-298290
-298090
-297955
-297941
-297205
-297201
-297142
-296697
-296465
-295848
-295772
-295687
-295650
-295553
-295228
-295149
-295120
-294874
-294649
-294228
-294060
-293916
-293721
-293092
-292839
-292548
-292515
-292367
-291978
-291326
-291199
-290888
-290834
-290761
-290598
-290367
-289907
-289334
-288933
-288546
-288526
-288287
-287985
-287924
-287140
-286923
-286815
-286587
-286082
-285875
-284893
-284829
-284816
-284120
-283915
-283814
-283752
-283645
-283493
-283381
-283293
-283084
-282721
-282617
-282601
-282519
-282218
-281769
-281589
-281563
-281458
-280010
-280000
-279939
-279858
-279846
-279770
-279415
-279310
-279030
-278843
-278833
-278711
-278653
-278303
-278264
-278090
-277896
-277757
-277536
-277420
-277242
-277213
-277151
-276815
-275471
-275443
-275392
-274793
-274693
-274574
-274132
-274038
-273964
-273943
-273935
-273686
-273477
-273311
-273055
-272981
-272694
-272637
-272604
-272494
-272483
-272378
-272134
-272122
-272050
-272048
-271866
-271806
-271611
-271263
-271186
-271101
-270199
-269784
-269639
-269136
-268676
-268591
-268525
-268237
-268028
-268010
-267797
-267748
-267516
-267426
-267223
-267161
-267127
-266022
-265598
-265428
-265372
-265163
-264706
-264447
-264192
-263971
-263954
-263931
-263888
-263637
-263463
-263406
-263385
-263208
-263050
-262915
-262472
-262387
-262254
-262102
-262051
-261929
-261910
-261609
-261528
-261511
-261490
-261415
-261059
-260891
-260532
-260531
-260213
-259963
-259457
-259147
-258845
-258615
-258597
-258596
-258319
-257629
-257586
-257171
-256868
-256776
-256470
-256382
-256062
-255571
-255334
-254758
-254732
-254655
-254273
-253898
-253685
-253653
-253609
-253594
-253577
-253134
-253133
-252941
-252891
-252567
-252509
-252246
-251807
-251690
-251682
-251612
-251544
-251522
-251268
-251130
-251066
-250922
-250883
-250479
-250054
-250047
-249783
-249770
-249656
-249403
-249281
-249205
-249169
-248892
-248268
-248049
-247628
-247596
-247444
-247409
-247214
-247091
-246856
-246791
-246700
-246491
-245545
-245415
-245312
-245259
-245252
-244557
-244381
-243515
-243428
-243410
-243353
-243282
-243123
-242916
-242826
-242582
-242571
-242460
-242257
-242196
-241865
-241847
-241263
-241255
-241190
-240979
-240908
-240787
-240770
-240619
-240500
-240290
-239703
-239624
-239518
-238920
-238855
-238668
-238603
-238575
-238567
-238364
-238169
-238056
-237278
-236618
-236608
-236159
-236016
-235860
-235539
-235012
-234831
-234754
-234680
-234581
-234497
-234131
-234115
-233660
-233607
-233518
-233367
-233204
-232992
-232883
-232847
-232643
-232480
-232432
-232404
-232345
-232298
-232294
-231889
-231403
-231352
-231027
-230870
-230387
-230060
-229892
-229802
-229575
-229522
-229498
-229423
-229291
-229175
-229128
-229088
-229045
-228842
-228709
-228698
-228492
-228304
-228119
-227965
-227660
-227332
-226561
-226543
-226068
-225407
-225352
-225217
-224952
-224917
-224726
-224579
-224354
-224236
-224115
-223771
-223447
-223412
-222874
-222869
-222687
-222388
-222182
-222140
-221860
-221565
-221555
-221472
-221274
-221226
-221145
-221103
-221048
-220630
-220575
-220369
-220191
-219989
-219982
-218668
-218376
-218025
-217789
-217716
-217279
-217150
-216933
-216815
-216658
-216560
-216117
-215181
-215038
-214957
-214939
-214899
-214750
-214564
-214343
-214233
-214221
-214171
-214113
-214015
-212841
-212800
-212595
-212576
-212550
-212438
-212102
-211977
-211647
-211525
-211459
-211307
-211255
-210739
-210439
-210103
-209582
-209357
-209259
-209026
-208212
-208199
-207954
-207877
-207309
-207149
-206882
-206653
-206609
-206600
-206450
-206372
-206151
-205863
-205822
-205542
-205460
-205454
-205389
-205317
-205282
-205063
-204995
-204727
-204433
-204277
-204241
-203852
-203335
-203154
-203124
-202499
-202214
-202081
-201534
-201237
-200790
-200397
-200090
-199966
-199832
-199661
-199609
-199380
-199369
-199116
-198970
-198874
-198747
-198433
-197827
-197395
-197074
-196621
-196542
-196270
-195404
-195337
-195148
-194838
-194771
-194414
-194267
-194161
-193789
-193434
-193019
-192603
-192418
-191796
-191784
-191388
-191082
-190624
-190375
-189549
-189547
-189199
-188969
-188685
-188277
-188131
-188071
-188001
-187704
-187684
-187654
-187454
-187267
-186930
-186867
-186739
-186703
-186702
-186570
-186492
-186077
-185913
-185897
-185628
-185459
-185262
-185023
-184807
-184704
-184703
-183903
-183343
-182250
-181692
-181299
-181239
-181110
-181022
-180981
-179856
-179718
-179681
-179677
-179572
-179254
-178906
-178694
-178628
-178287
-178098
-178034
-177796
-177606
-177220
-177086
-176877
-176859
-176687
-176544
-176503
-176309
-176262
-176230
-176081
-175925
-175901
-175793
-175441
-175349
-175112
-175067
-174557
-174420
-174183
-174063
-173976
-173690
-173523
-173140
-173068
-173027
-172896
-172782
-172696
-172510
-172348
-172209
-171841
-171736
-171555
-171501
-171445
-171434
-171055
-170695
-170489
-170386
-170362
-170107
-169968
-169567
-169521
-168984
-168795
-168775
-168640
-168571
-168336
-168101
-168027
-167956
-167731
-167632
-167494
-167213
-166903
-166900
-166568
-166135
-166059
-165600
-165527
-165450
-165129
-164953
-164544
-164009
-163958
-163811
-163510
-163183
-162906
-162816
-162717
-162692
-162364
-161276
-161273
-160956
-160557
-159804
-159783
-159300
-159238
-159084
-158179
-157674
-157439
-157403
-157377
-157314
-157285
-156633
-156591
-156385
-156259
-156203
-156082
-156020
-155861
-155577
-155473
-155147
-154527
-154044
-153942
-153596
-153106
-152885
-152790
-152553
-152541
-152229
-151823
-151505
-151459
-150706
-150630
-150605
-150568
-150302
-150233
-149851
-149614
-149436
-149193
-148928
-148770
-148712
-148542
-148375
-147925
-147374
-147203
-146925
-146474
-145973
-145582
-145240
-145088
-145085
-145020
-144690
-144654
-144435
-144174
-143553
-143062
-142793
-142642
-142366
-142176
-142152
-142124
-142118
-142082
-142046
-141782
-141359
-141075
-140934
-140485
-139979
-139865
-139756
-139426
-139311
-138452
-138204
-137780
-137502
-137309
-136600
-136387
-135946
-135637
-135205
-135119
-134734
-134609
-134319
-134214
-134045
-133946
-133832
-133315
-133040
-133032
-132952
-132653
-132391
-132263
-132111
-131917
-131767
-131766
-131643
-131574
-131315
-131269
-131245
-130630
-130319
-130316
-130247
-130116
-129123
-128891
-128652
-127981
-127874
-127764
-127420
-127015
-126713
-126548
-126514
-126493
-126424
-126361
-125842
-125556
-125517
-125409
-125152
-124916
-124883
-124478
-124149
-124085
-124077
-124045
-123982
-123633
-123527
-123465
-123314
-123011
-122766
-122494
-122067
-121578
-121371
-121124
-120966
-120900
-120823
-120377
-120036
-119772
-119743
-119676
-119623
-119471
-119430
-118394
-118218
-118196
-118186
-118152
-118097
-118074
-118007
-117892
-117889
-117767
-117703
-117682
-117610
-117489
-116932
-116783
-116525
-116494
-116330
-116307
-116226
-115784
-115665
-115618
-115527
-115444
-114621
-114597
-114333
-113862
-113725
-113520
-113266
-113166
-113131
-113035
-112870
-112794
-112552
-112521
-112141
-111885
-111864
-111829
-111603
-111516
-111459
-110761
-110331
-110255
-110081
-109873
-109685
-109649
-109308
-108769
-108695
-108352
-108282
-108105
-107754
-107730
-107696
-107504
-107389
-107035
-106455
-106144
-106071
-105799
-105733
-105435
-105139
-105137
-105117
-105088
-105079
-105023
-104835
-104814
-103610
-103557
-103118
-103085
-102756
-102632
-102539
-102081
-102069
-101805
-101796
-101119
-100915
-100817
-100816
-100785
-100589
-100283
-100234
-100188
-100002
-99977
-99653
-99531
-99319
-98796
-98419
-98301
-98059
-97730
-97102
-96230
-96157
-95912
-95370
-94702
-94559
-94533
-94302
-94257
-94240
-94141
-93361
-92186
-92018
-91426
-90903
-90589
-90219
-89763
-89723
-89425
-89050
-88679
-88158
-87809
-87753
-87608
-87304
-87132
-86971
-86586
-86444
-86252
-85862
-85553
-85429
-85327
-85147
-85120
-83794
-83628
-83333
-83099
-83075
-82965
-82481
-82442
-82298
-81866
-81812
-81542
-81269
-80922
-80683
-80143
-79852
-79153
-79017
-78434
-78161
-77914
-77704
-77230
-76833
-76784
-76597
-76545
-76329
-76222
-76048
-75785
-75645
-75273
-75095
-74976
-74965
-74766
-74476
-74368
-74154
-73801
-73223
-72853
-72100
-72029
-71704
-71617
-71085
-70314
-70234
-70177
-70095
-69806
-69515
-69213
-69145
-68942
-68541
-68294
-68256
-67989
-67893
-67880
-67331
-67239
-67143
-66661
-66634
-66469
-65854
-65791
-65686
-65247
-65233
-65126
-65090
-64639
-64567
-64501
-64352
-64302
-64020
-63908
-63667
-63592
-63053
-62522
-62431
-61969
-61546
-61471
-61326
-61298
-60715
-60645
-60642
-60575
-60305
-59803
-59704
-59412
-59374
-59270
-59240
-58912
-58898
-58824
-58573
-58488
-58222
-58135
-58120
-58053
-57189
-57132
-56825
-56807
-56531
-56494
-56302
-56150
-56148
-56036
-56004
-55475
-55261
-55190
-54462
-54336
-54083
-54062
-53690
-53319
-53306
-52909
-52812
-52730
-52435
-52160
-51643
-51119
-51049
-50711
-50685
-50508
-50362
-50284
-50266
-50174
-50137
-49881
-49569
-49498
-48326
-48156
-47872
-47723
-47402
-47301
-47110
-47052
-46957
-46903
-46686
-46554
-46454
-46441
-46431
-46337
-46210
-45906
-45560
-45432
-45178
-45054
-44954
-44696
-44319
-44125
-44000
-43924
-43803
-43598
-43401
-43246
-43161
-43143
-42989
-42728
-42603
-42568
-42219
-42085
-41845
-40827
-40645
-40626
-40604
-40347
-40307
-40060
-39880
-39748
-39502
-39336
-39334
-39005
-38361
-37795
-37501
-37127
-37062
-36827
-36114
-36018
-35714
-35519
-35517
-35110
-35042
-34647
-34289
-34144
-33742
-33637
-33352
-32932
-32929
-32568
-31838
-31730
-31581
-31481
-31017
-30938
-30884
-30033
-29896
-29781
-29649
-29394
-28586
-28547
-28499
-28495
-28218
-28003
-27947
-27643
-27218
-27199
-27151
-26839
-26175
-25989
-25640
-25521
-25422
-25407
-25391
-24840
-24808
-24683
-24586
-24377
-24181
-24113
-23844
-23692
-23533
-23361
-22933
-22927
-22914
-22846
-22419
-21809
-21736
-21411
-21293
-20996
-20857
-20829
-20593
-20070
-19784
-19714
-19650
-19330
-19077
-19069
-18558
-18528
-18368
-18298
-18200
-18007
-17966
-17851
-17141
-17096
-16976
-16851
-16227
-16164
-15943
-15804
-15717
-15705
-15493
-15439
-15276
-15102
-14920
-14433
-14146
-14117
-13920
-13529
-13075
-12762
-12509
-12381
-12306
-12259
-11961
-11956
-11869
-11786
-11256
-10818
-10424
-9625
-9543
-9297
-9290
-9095
-8984
-8558
-8270
-8074
-7839
-7764
-7694
-7550
-7377
-7367
-7075
-6945
-6413
-6319
-5780
-5583
-5306
-5056
-4965
-4670
-4157
-3981
-3667
-3076
-3038
-2985
-2656
-2526
-2475
-2427
-2392
-2386
-1703
-1211
-1110
-922
-778
-748
-297
-173
-123
10
146
190
397
442
520
591
604
733
796
1264
1291
1309
1431
1646
1848
2113
2128
2909
3118
3254
3481
3614
3909
4132
4268
4574
4722
5323
5426
5532
5609
5722
5863
6007
6506
6713
6891
6939
7017
7471
7551
8091
8550
8841
9107
9388
9411
9451
10025
10436
10667
10781
11778
11919
12226
12241
12317
12720
13380
13401
14102
14891
15530
15890
15972
16185
16250
16488
16510
16637
17076
17345
18035
18231
18246
18841
19290
19361
19587
20145
20224
20552
20866
21149
21162
21390
21681
21760
21769
21952
22068
22297
22618
23196
23925
24376
24523
24632
24957
24958
25106
25120
25128
25163
25353
25387
25438
26109
26147
26314
26676
27020
27156
27210
27493
27630
28034
28675
28926
29010
29534
29615
29828
29838
30378
30760
30926
31899
31962
32535
32794
32964
33093
33220
33415
33437
33877
33968
33996
34240
34289
34372
34555
34711
34871
34908
34979
35213
35806
36004
36190
36218
36296
36693
36828
37096
37486
37539
37592
37962
38002
38491
38642
38711
38915
39709
39981
40211
41277
41365
41456
41548
41663
41986
42121
42286
42687
43123
43485
43557
43967
44139
44439
44532
44635
44676
44778
44814
44815
44918
44947
44993
45077
45613
45865
46092
46670
46818
47868
47973
48094
48160
48233
48238
48614
48806
48841
48851
49039
49046
49055
49308
49504
49551
49748
49904
50231
50507
50575
51267
51847
52026
52034
52130
53069
53467
53551
53672
53882
53968
54179
54208
54391
54601
54863
55125
55224
55536
55946
56212
56256
56415
56443
56558
56762
57291
57733
57868
57969
57990
58091
58389
58584
58591
58623
58702
58796
58877
58991
59377
59481
59672
59713
59714
60578
60716
60874
60898
60986
61248
61637
61826
62427
62604
62611
62776
63044
63135
63677
64030
64242
64322
64387
64531
64697
65116
65299
65522
65730
65731
65778
66093
66320
66556
66706
67168
67191
67250
67330
67371
67453
67458
67848
67989
68073
68087
68112
68284
68531
68714
68732
68908
68940
68943
69069
69112
69216
69417
69469
69589
69773
69834
69895
70016
70190
70301
70323
70449
70790
70865
71029
71447
71832
72016
72204
72262
72561
72605
72903
72973
73431
73859
73892
74624
74736
74776
75221
75329
76043
76166
76830
77193
77241
77309
77596
77703
78095
78700
78795
79698
80227
80269
80431
80888
80976
81702
81984
82587
82704
82718
82760
82766
83623
83799
83917
84021
84333
84535
85355
85798
86717
86863
86886
87113
87126
87153
87166
87235
87563
87605
87612
87789
87989
88097
88157
88228
88281
88418
88427
88588
89092
89542
89770
89826
90187
90191
90234
90316
90436
90636
90656
90923
91227
91296
91496
91699
91966
92143
92209
92310
93077
93237
93376
93434
93473
93786
93840
94107
94320
94342
94677
94868
95304
95702
96088
96217
96377
96382
96408
96528
96681
97136
97427
97865
97950
98026
98216
98650
98943
99697
100254
100363
100459
100525
101251
101330
101475
102535
102554
102652
102771
103019
104334
104509
104726
104730
104874
104925
105082
105204
105807
105820
105891
106184
106780
106868
106995
107029
107496
107513
107569
107708
107763
108462
108855
108877
109077
109278
109288
109888
110078
110172
110219
110327
110471
110478
110668
110676
110783
111146
111424
111794
111880
112430
112637
112798
112998
113011
113047
113123
113152
113903
113948
113982
114247
114305
115406
115565
115752
116264
116418
116631
116648
117078
117093
117304
117411
117430
117507
117677
117870
117924
118325
118978
119139
119192
119432
119666
120292
120518
120879
121055
121206
121307
121449
121980
122138
122273
122530
122593
122629
122940
123296
123434
123831
124146
124451
125369
125399
125624
125688
125723
125875
126361
126690
126780
126906
127639
127956
128099
128293
128363
128490
128802
129041
129331
129432
129577
129978
130144
130370
130390
130641
130665
130946
131102
131262
131403
131750
131852
131879
132000
132057
132217
132741
132763
132999
133309
133485
133519
133711
133794
133867
133907
134053
134517
134865
135567
136032
136134
136205
136304
136382
136581
136597
136852
136929
137064
137437
137495
137590
137737
137893
137965
138091
138801
139116
139200
139780
139894
140103
140210
140227
140432
140487
140903
141301
141423
141780
141897
142121
142220
142226
142888
142936
143453
143503
143605
143733
143968
144697
144757
144906
145116
145145
145553
145611
145642
145878
145985
146103
146330
146583
146742
146778
146888
147202
147485
147565
148156
148177
148240
148933
149329
149538
149601
149782
149858
149943
149990
150407
150513
150957
151126
151443
151528
151646
151769
151876
152081
152599
152730
152797
152889
152925
153232
153567
153990
154109
154826
155253
155283
155887
156176
156305
156717
156790
156840
156915
157172
157226
157314
157656
157958
158090
158350
158590
158691
159116
159154
159173
159206
159442
159515
159665
159879
160593
160915
161181
161232
161275
161299
161975
162414
162778
162819
163056
163627
163869
163902
164004
164033
164367
164501
164570
164577
164652
164801
165158
165178
165382
165388
165529
165730
165776
165800
166128
166388
166884
166949
167238
167479
168436
168495
169575
169616
170026
170137
170636
170653
170727
170867
171129
171146
171464
171574
171643
171860
171894
172899
173091
173252
173468
173594
173813
173927
174024
174591
174828
175375
176199
176365
176513
176551
177030
177153
177548
177654
177655
177905
178163
178205
178260
178572
178621
178799
178852
178982
179028
179239
179336
180351
180567
180706
180892
181139
181420
181429
181444
182174
182275
182563
182684
182731
182738
183836
183951
184008
184058
184193
184361
184465
185394
185644
185963
185988
186585
186686
186833
186889
187757
188062
188160
188196
188307
188338
188497
188649
189252
189389
189403
189615
189657
190367
190647
191002
191233
192008
192147
192299
192456
192660
192800
192904
193275
193795
193999
194116
194280
194332
194422
194856
194921
194979
195264
195466
195565
196189
196595
197247
197379
197781
197810
197979
198302
198311
198505
198520
198597
198611
198617
199121
199400
199429
199619
199785
199949
200052
200419
200550
200595
200670
200813
201017
201262
201274
201540
201845
201940
202088
202527
202877
203114
203159
203462
203463
204139
204536
204825
204868
205127
205466
205498
205658
205739
206039
206068
206148
206164
206260
206311
206656
206917
207302
207335
207397
208232
208277
208333
208375
208612
208806
209010
209052
209592
209760
209837
210214
210239
210281
210362
210451
210523
210654
211032
211387
211451
211456
211478
211546
211920
212777
213212
213219
213379
213570
213813
214263
214610
214683
214891
215112
215247
215346
215875
216016
216061
216107
216234
216848
217139
217294
217565
217624
217654
217833
217894
218272
218357
218647
218796
218798
219352
219527
219631
219682
219810
219902
219950
220037
220052
220141
220225
220327
220421
221245
221329
221350
221544
221602
221613
221888
222718
222843
223297
223600
223756
224232
224918
225175
225649
225751
226203
226368
226661
226716
226951
227030
227087
227294
227329
228023
228258
228420
228548
228767
228800
228861
228949
229271
229972
230433
230506
230553
230733
231266
231311
231931
232068
232804
233251
233527
233578
233648
233669
233796
234198
234227
234259
234582
234604
234782
235102
235166
235214
235336
235611
235803
235912
236022
236241
236487
236668
236880
237525
238198
238454
238555
239022
239162
239469
240011
240370
240773
241096
241335
241822
242034
242103
242149
242252
242289
242368
242449
242457
242663
242722
242766
243186
243196
243202
243323
243421
243432
243455
244186
244266
244467
244550
244969
245021
245442
245662
246142
246285
246808
247102
247188
247637
247804
248324
248396
248446
248456
248475
248498
248597
248885
248942
249010
249841
250156
250458
250492
250983
251075
251239
251605
251732
251903
251958
252024
252583
252834
252892
252925
253117
253141
253193
253660
254060
254228
254358
254489
254800
256171
256251
256259
256265
256276
256285
256433
256690
256730
257404
257413
257477
257575
257761
258153
258519
258579
258693
258879
258968
259131
259550
259604
259672
259769
259807
260024
260207
260217
260363
260571
261081
261320
261352
261735
261885
261927
262289
262984
263619
263763
263800
263813
264966
265303
265383
265710
265881
265895
265978
266310
266388
266596
266667
266806
266912
266977
267083
267171
267254
267299
267420
267526
267829
267966
267977
268098
268147
268194
268319
268706
268710
268726
268813
269198
269236
269866
269888
270105
270113
270117
270285
270363
270587
270658
270743
270831
271078
271281
271389
272143
272214
272422
272474
272477
272557
272567
273076
273306
273415
273626
273678
273797
274339
274356
274426
274440
274560
275035
275142
275373
275714
275748
276640
277103
277188
277207
277442
277480
278440
278478
278823
278990
279037
279106
279611
279686
279796
279862
280178
280242
280283
280450
280500
280754
280900
281137
281209
281350
281565
281826
282017
282028
282274
282496
282569
282697
282920
283628
283729
283741
284002
284121
284820
285028
285350
285426
285734
285769
285868
286193
286314
286319
286479
286482
286527
286763
286789
286801
287366
287762
287886
287977
288128
288163
288364
288538
289157
289589
289914
289945
290313
290644
290763
291569
291588
291712
292153
292222
292405
292420
292785
293237
293277
293762
293852
294781
294810
295080
295173
295486
295580
295596
295603
295990
296354
297045
297487
297598
297609
297727
298222
298557
298629
298647
298824
298909
298948
301027
301774
301850
302122
302975
303029
303137
303152
303281
303713
303764
303889
303976
304403
304582
304910
305420
305592
305705
306095
306174
306176
306359
306496
306733
306823
307115
307478
307565
307810
307814
308059
308186
308542
308552
308592
308602
309393
309462
309560
309764
309901
309930
310330
310440
310517
310795
310850
311084
311186
311285
311408
312086
312214
312307
312448
312634
312668
312919
312987
313021
313144
313172
313409
313484
313541
313872
313955
314319
314337
314550
315206
315427
315618
315738
315933
315948
316407
316524
316802
316997
317107
317278
317351
317534
317666
317814
318196
318336
318397
318468
318498
318898
319087
319196
319238
319448
319660
320088
320399
320612
320618
320895
321614
322189
322320
322780
323519
323560
323632
323778
324223
324407
324884
325334
325389
325487
326190
327253
327352
327444
327547
327648
327654
327707
327948
328098
328134
328734
328813
328871
329023
329233
329474
329739
330031
330273
330287
330774
331080
331322
331664
331669
331671
332349
332657
333179
333456
333573
333592
334194
334220
334680
334774
334803
334970
335120
335147
335260
335489
335667
335688
335734
336057
336449
336697
336806
336880
337020
337211
337497
338271
338534
338893
338992
339383
339402
340399
340487
340491
340729
340946
341104
341203
341467
342117
342121
342322
342329
342450
342948
343146
343406
343485
343550
343621
343970
344001
344580
345025
345046
345483
345494
346269
346304
346408
346609
346663
347007
347365
347372
348149
348212
348474
348710
348770
349452
349638
350406
350436
350558
350578
350865
350989
350995
351015
351176
351249
351328
351410
352066
352297
353159
353508
353521
353641
353882
354110
354731
354845
354876
354938
355021
355073
355304
355770
356088
357228
357523
357927
358179
358548
358896
358963
359560
359729
360028
360042
360187
360342
360528
360694
360706
360837
360924
361183
361227
361587
361591
361663
362352
362514
362626
363193
363486
363658
364635
365139
365571
365897
366000
366596
366658
366959
367295
367439
367460
367603
368202
368246
368351
368397
368466
368554
368588
368619
368959
368969
369001
369656
369689
369757
370011
370094
370165
370365
370586
371389
371746
371827
372142
372178
372315
372450
372529
372613
372614
372667
372799
372920
374210
374633
375155
375266
375319
375334
375633
375686
375720
375879
376264
376280
376543
376616
376731
377180
378082
378174
378291
378420
378476
378521
378559
378596
378787
378959
379002
379130
379403
379518
379635
379652
380145
380358
381178
381592
381596
381652
381758
381847
381872
382103
382834
383258
383394
383804
384037
384073
384278
384620
384644
384680
385051
385392
385510
385550
385594
385678
386465
386508
386843
386945
387007
387020
387086
387383
387976
388043
388221
388341
388390
388441
388599
388668
388755
388785
388870
388965
389083
390217
390244
390248
390367
390397
390567
390688
390697
390784
391420
391742
391751
391800
391821
391861
391985
392047
392082
392419
392687
392715
392724
392733
393190
393780
394027
394213
394295
394746
395123
395161
395966
396017
396036
396200
396536
396629
396919
396973
397053
397303
398145
398146
398635
398655
398808
398884
398964
399020
399171
399572
399798
399852
399961
400134
401122
401377
401464
401932
401998
402217
402267
402537
402928
402957
403265
403396
403608
403867
404038
404044
404339
404711
405006
405061
405399
405475
405865
406086
406359
406483
406767
406769
407000
408232
408547
408603
408845
409152
409420
409484
409510
409650
410018
410116
410148
410175
410482
410502
410964
411077
411253
411537
411706
412136
412320
412770
412847
412917
413412
413704
413826
413919
414040
414177
414368
414369
414432
415168
415776
415789
416055
416205
416505
416576
416751
417023
417325
417416
417530
417583
417705
417818
418603
418681
418869
418985
419192
419461
419529
419634
419920
420041
420318
420383
420425
420554
420579
420629
420864
420978
421144
421342
421735
422239
422440
422572
422670
422692
422761
423318
423697
424286
424541
424665
424706
425144
425159
425234
425469
425563
425564
426009
426070
426323
426371
426501
426574
426798
426835
427161
427450
427697
428647
429471
429877
430459
430815
431259
431467
431539
431762
431849
431859
432195
432236
432334
432339
432499
432929
433239
433533
433663
434511
434534
434655
435226
435308
435424
435823
435922
436136
436432
436493
436934
437209
437598
437745
438151
438336
439394
439443
439567
439753
440247
440768
440856
441037
441191
441250
441472
441475
441617
441667
441813
441814
442004
442080
442134
442681
442814
443431
443460
443719
443781
443970
444004
444093
444146
444757
444882
445262
445291
445802
446493
446541
446712
446811
446890
447563
447654
447772
447930
448019
448043
448769
449153
449263
449545
449925
450310
450429
450579
450916
451107
451217
451256
451592
451653
451942
452093
452127
452358
452614
452758
453135
453196
453233
453753
453777
454132
454241
454269
454563
455209
455263
455454
455467
455567
455668
455694
455698
455820
456057
456248
456295
456354
456706
456880
457179
457206
457387
457545
457992
458083
458448
458601
458983
459117
459161
459487
459840
459858
460105
460170
460187
460289
460601
460621
460658
460920
460974
462112
462152
462333
462589
462899
463074
463083
463139
463603
463792
463839
463869
463891
464209
464324
464458
464460
464694
465008
465241
465355
465515
465698
465704
465975
466692
466701
467923
468151
468453
468674
468846
469202
469270
469376
469541
469667
469741
469954
469989
470290
470377
470451
471005
471061
471190
471305
471738
473152
473208
473580
473610
473684
473704
474000
474036
474320
474329
474378
474569
474628
474737
474767
475073
475509
475770
476068
476147
476282
476505
477342
477401
477521
478077
478175
478388
479316
479783
480024
480072
480127
480608
480724
480848
480959
481189
481299
481370
481540
481684
482008
482369
483394
483576
483823
484082
484104
484314
484452
484481
484801
484828
485220
486567
487061
487351
487568
487703
487730
487882
487990
488083
488157
488189
488723
489035
489037
489253
489501
489592
489909
489994
490060
490830
491152
491176
491469
491495
491608
491782
491818
491869
492169
492223
492546
492724
492922
493790
494019
494354
494565
494722
494724
494936
495918
495931
496136
496323
496334
496440
496509
496720
496792
496819
497085
498143
498211
498263
498457
498551
498552
498726
498801
499083
499084
499232
499479
