-499651
-499593
-498998
-497904
-497797
-497483
-496918
-496882
-496316
-495825
-495734
-495492
-494829
-493534
-493164
-492709
-492695
-492658
-492513
-492278
-491484
-491154
-491056
-489970
-489614
-489417
-488416
-488246
-487072
-487007
-486529
-486273
-485766
-485689
-484925
-484648
-484455
-483932
-483888
-483481
-483156
-482671
-482648
-482233
-481337
-480866
-480748
-480318
-479882
-479819
-479044
-478974
-476486
-476441
-476140
-475878
-474616
-474286
-473955
-472771
-472642
-471037
-469393
-469375
-468578
-466259
-465872
-464720
-464424
-462586
-462286
-462171
-462026
-461577
-461053
-460798
-460230
-459561
-459036
-458706
-458004
-457470
-457114
-456451
-456286
-455922
-455266
-455083
-454862
-454195
-453859
-452818
-452755
-452667
-452405
-452346
-451758
-451739
-451688
-450854
-450471
-449093
-448717
-448038
-447472
-447404
-447001
-446236
-446067
-445533
-444384
-442179
-441343
-440142
-439227
-438635
-438237
-437591
-436617
-436310
-435998
-435953
-435189
-434600
-434047
-433764
-433734
-433343
-433342
-433223
-433149
-431793
-431144
-430666
-430591
-430522
-430267
-429958
-429928
-429687
-429369
-429272
-428997
-428642
-426978
-426805
-426369
-425956
-425751
-424124
-423696
-421723
-421029
-421015
-420969
-420467
-420385
-420139
-417871
-417839
-417450
-417081
-417044
-416411
-415081
-414124
-413176
-412564
-411888
-411587
-411492
-410854
-410398
-409921
-409552
-409345
-409195
-408836
-408549
-407701
-406695
-406693
-406548
-406162
-405474
-404764
-403748
-403566
-402660
-401937
-401660
-401134
-400661
-400551
-400411
-400297
-400086
-399402
-399383
-399283
-399175
-397581
-397443
-396683
-396071
-395567
-395124
-394943
-394218
-393758
-391906
-391802
-391253
-391117
-391015
-389106
-388891
-387547
-386505
-386308
-385450
-385304
-385134
-385075
-384021
-383601
-383521
-383018
-380980
-380317
-380269
-379830
-379553
-378931
-378468
-377720
-377344
-377123
-376938
-376514
-376249
-375694
-375687
-375143
-372432
-372265
-372187
-371746
-371332
-369408
-368143
-367805
-367003
-366720
-366505
-366160
-366086
-365177
-364782
-363936
-363731
-363418
-363342
-362730
-361779
-361500
-360854
-360781
-359528
-358931
-356266
-356094
-355262
-355236
-355144
-355101
-354140
-353630
-353249
-353241
-350313
-347000
-342456
-341116
-340786
-335307
-334547
-327748
-325022
-324752
-322759
-322286
-321517
-321226
-320863
-320266
-319588
-319393
-317851
-317360
-317213
-316945
-315358
-314990
-313853
-313770
-312516
-312425
-312354
-312247
-311972
-311850
-311598
-311548
-311316
-309433
-308326
-308281
-308158
-306774
-306621
-306081
-305615
-305211
-305071
-304408
-304312
-303014
-302585
-302109
-301399
-300634
-300426
-299963
-299777
-298665
-298290
-298090
-297955
-297142
-295848
-295650
-295149
-295120
-294874
-293721
-293092
-292839
-292548
-292515
-291978
-291199
-290888
-288933
-287140
-286082
-282617
-282519
-281563
-281458
-280010
-278843
-278711
-278653
-278303
-277757
-277536
-277420
-277213
-276815
-274693
-274574
-274132
-274038
-273943
-273477
-272981
-272604
-272134
-272050
-272048
-271611
-271186
-271101
-269784
-269639
-268676
-268591
-267223
-264706
-263971
-263931
-263888
-263463
-263385
-263208
-262051
-261910
-261511
-260891
-260213
-259963
-259457
-259147
-258319
-256868
-256776
-256470
-255571
-254732
-254655
-254273
-253609
-253594
-253134
-253133
-252941
-252567
-252509
-251682
-251612
-251268
-250479
-250047
-249403
-249281
-248892
-248268
-247409
-247214
-245545
-245312
-245259
-244557
-244381
-243515
-243428
-243353
-243282
-243123
-242916
-242460
-242257
-241847
-241255
-240948
-240908
-240787
-240619
-238920
-238575
-238567
-238364
-237278
-236618
-236608
-236159
-235539
-234754
-234680
-234115
-233607
-233367
-232992
-232883
-232847
-232643
-232480
-232432
-231889
-230870
-230387
-230060
-229575
-229423
-229291
-228842
-228492
-228304
-227332
-225352
-224917
-224726
-224354
-224236
-223771
-223447
-222869
-221472
-221274
-221226
-221145
-220369
-218668
-218376
-218025
-217279
-216815
-216658
-215181
-214957
-214750
-214233
-214221
-212595
-212438
-212102
-211647
-211525
-211307
-210439
-209582
-208199
-207954
-207149
-206653
-206609
-206600
-206372
-205822
-205454
-205389
-204995
-204727
-204433
-204241
-202499
-202214
-202081
-201237
-200397
-200090
-199832
-198970
-198747
-198433
-197827
-197074
-196621
-196542
-195337
-194838
-194771
-193434
-192603
-192418
-191388
-191082
-190624
-190375
-189547
-189199
-188685
-188277
-187786
-187704
-187454
-186867
-186703
-186570
-186492
-186077
-185913
-185897
-185262
-184807
-184703
-183903
-180981
-178906
-178694
-178034
-177796
-177220
-176859
-176687
-176544
-176309
-176262
-175793
-175349
-175067
-174420
-174183
-173976
-172896
-172510
-172209
-171841
-171736
-171555
-170489
-170386
-170107
-169521
-168101
-167731
-166059
-164544
-163811
-162906
-162692
-162364
-161273
-160557
-159238
-159084
-157403
-157377
-156633
-156020
-155577
-155147
-154044
-153974
-152229
-151823
-150630
-150605
-150568
-149851
-149193
-146925
-146768
-145973
-145085
-144690
-144654
-144174
-143553
-143062
-142124
-142118
-141782
-140934
-140485
-139756
-138204
-137309
-136387
-135946
-135119
-134734
-134609
-134214
-133946
-133315
-132391
-132263
-131574
-130319
-129123
-128652
-127981
-127874
-127015
-126361
-125842
-125556
-125152
-124991
-124149
-124045
-123982
-123633
-123527
-123011
-121578
-120900
-120377
-119743
-119471
-118394
-118152
-118097
-118074
-117889
-117767
-117703
-117682
-116525
-116330
-116307
-115618
-115527
-114621
-114333
-113266
-113131
-112870
-112521
-112141
-111885
-111516
-110331
-108695
-108352
-108282
-108105
-107754
-106455
-106071
-105799
-105435
-105079
-105023
-103610
-102081
-101796
-101119
-100283
-100188
-99531
-98419
-97730
-97102
-95912
-95370
-94702
-94533
-93361
-92899
-92186
-91426
-89050
-88158
-87753
-87304
-86586
-85327
-85147
-83794
-83628
-83333
-83099
-82481
-82442
-82298
-81812
-81542
-80683
-80143
-79852
-78161
-77914
-77704
-77230
-76833
-75645
-74965
-74766
-74368
-71704
-69213
-69145
-67989
-67143
-66661
-65854
-64639
-64501
-64352
-64302
-63667
-61969
-61546
-61471
-61326
-61298
-60715
-60645
-60642
-60575
-59803
-59374
-59270
-58898
-58824
-58053
-57132
-56807
-56494
-56148
-55190
-54462
-54083
-53690
-53319
-52730
-52435
-50174
-50016
-49498
-47723
-47402
-47052
-46441
-45432
-45178
-45054
-44954
-44319
-43924
-43803
-43246
-43161
-42603
-42219
-40645
-40347
-39880
-39336
-39334
-37795
-37127
-36018
-35714
-35519
-35042
-34647
-33918
-33742
-31581
-30033
-29896
-29781
-29394
-28547
-28218
-28003
-27947
-27218
-27151
-25521
-25391
-24808
-24586
-24377
-24113
-22933
-22927
-22846
-22419
-21293
-20857
-20070
-19069
-18558
-18368
-17851
-17096
-16976
-16164
-15943
-15705
-14146
-13529
-13075
-12762
-12509
-12381
-12306
-12259
-11956
-9290
-8558
-8074
-7694
-4965
-3981
-3076
-3038
-2656
-2526
-2392
-778
-173
10
190
397
520
1163
1264
1309
1646
3118
3254
3481
4132
4574
4722
5426
5609
5722
6007
6727
7017
7551
8091
8550
9451
10667
11778
11919
12226
12241
12720
13380
15530
16250
16637
17076
18246
19587
21681
21760
21769
22297
24376
24523
24555
24957
25163
25438
25482
26109
26676
27493
27630
28675
29534
29615
29828
31899
31962
32964
33093
33220
33415
33877
34289
34372
34555
34979
36004
36190
36218
36296
37486
37539
37962
38002
38491
38711
39709
41277
41456
41548
41663
42286
43557
43967
44676
44815
44918
44947
45077
45088
45865
46818
47868
47973
48841
49055
49308
49748
49904
50575
51847
53672
54391
55125
55536
55946
56256
56415
56443
56762
57868
58389
58702
58991
59481
59672
59713
60898
62604
62611
63135
64030
64242
64322
64531
64697
65116
65731
65778
66093
67168
67453
67458
67989
68087
68531
68940
68943
69112
69216
69469
69589
69773
69895
70016
70790
71029
71447
72262
72561
73431
73859
74776
75221
76166
78795
79698
81702
82587
82766
83799
83917
84535
85355
85798
86717
86863
86886
87153
87235
87563
88157
88588
90187
90234
90436
90636
91296
93196
93434
94107
94342
94868
95304
96217
96528
96681
97136
97865
97950
98650
100254
100363
100459
100772
101251
101330
101475
102535
102652
103624
104726
104874
104925
105807
106780
106995
107496
107513
107708
108877
109077
109278
109288
110078
110172
110327
110783
111411
111424
111794
112430
112798
113982
114247
114305
115406
115752
116418
116631
117439
117677
120292
120518
121206
121307
121980
122530
122593
123296
124146
124451
124577
125399
125875
126690
126906
127639
128099
128802
129331
129432
130390
130665
131403
132000
132741
132999
133485
133867
134071
136382
136852
137064
137737
137965
138801
139200
139894
140103
140432
140487
141780
142226
142936
143453
143503
143605
144697
145116
145553
145878
146103
146583
146888
147202
147485
147565
148156
148177
148240
148933
149329
149858
149943
149990
150407
151646
152599
153232
153567
153624
154109
154826
155283
155887
156305
156790
156840
156915
157172
157958
159154
159206
160593
161232
161275
161299
162778
163627
163869
164033
164501
164570
165178
165382
165529
165776
165800
166128
166388
168436
168495
170026
171129
171146
171894
173468
173594
174828
176365
177548
178260
178572
178621
178852
178982
179028
180567
181420
181429
181444
182738
183951
184058
184361
185988
186686
186833
186889
188160
188338
188649
189403
190647
191233
192660
193999
195466
195565
196595
197379
197781
197979
198302
198505
198520
199121
199400
199429
199619
199785
199949
200052
202527
203159
204536
204856
206039
206068
206148
208232
208333
208612
209010
209052
209592
209760
210214
210281
210362
211451
211920
212777
213570
214263
216061
217294
217519
217894
219631
219682
219810
220037
220052
220225
221245
221350
221602
222718
222843
223600
223756
224232
224918
225175
228258
228420
228949
229972
230433
230506
230553
231266
231931
232068
232133
233669
233796
235166
235214
235803
236022
236487
237525
238198
238555
239162
239586
240773
242103
242149
242289
242368
242457
243196
243202
243323
243432
244266
244467
244550
244969
245442
248456
248498
248597
248942
249841
250492
250983
251239
251605
251903
252583
252925
253193
254358
254800
256259
256285
256433
256730
257477
257761
258153
258693
258879
258968
259550
260024
260207
261352
261927
264985
265710
265881
265895
265978
266310
266388
266806
266977
267420
267526
267829
267966
268147
268319
268710
268726
268813
269198
270587
271078
271389
272422
272474
272557
273306
273415
274440
274560
275373
275598
275714
277207
277442
278478
278990
279611
279862
280754
281350
281826
282697
283741
284002
284820
285028
285350
285868
286479
286482
286789
286801
287762
288364
289157
289914
290313
290763
291569
291712
292222
292785
293237
293277
293852
294810
295080
295173
295486
295596
297045
297727
298222
298629
298647
298909
301027
301774
301850
302122
303137
303152
303976
304582
305420
306176
306359
306496
307814
308059
308542
308552
308602
309393
309462
309560
309764
310330
310440
310517
310795
310850
310852
311285
311408
312668
312919
313172
313409
313541
314337
315206
315427
315948
316407
316802
317351
318397
318898
320088
320895
321614
322320
323560
324223
324407
327648
328098
328734
329233
329739
330031
330273
330774
331080
331322
333592
334220
334803
334970
335120
335147
335667
335734
336806
337211
338271
338534
338893
339383
340487
340491
340729
340946
342117
342322
343406
343550
345494
346304
346609
347365
348770
350436
350989
351249
351410
353508
353521
355073
355770
356088
357523
357927
358896
359560
360028
360342
360528
360694
360706
360837
361227
361591
361663
362747
363658
365139
366000
366658
367439
367460
368246
368397
368466
368959
369001
369689
370165
370365
371389
371746
371827
372178
372315
372529
372613
375155
375720
376264
377180
378291
378521
378959
379403
379518
379635
379652
380358
381596
381847
384073
384680
385051
385392
385550
385594
385678
386465
386843
387383
387976
388221
388341
388441
388599
388668
390397
390567
390784
391742
391800
391861
391985
392419
392724
392733
393190
394213
394295
394746
395123
395161
396629
396973
398145
398655
398964
399572
399798
401122
401377
401998
402217
402957
403265
403553
403867
404339
405399
406086
406359
406483
406769
408547
408845
409152
409979
410018
410116
410148
410482
410964
411077
411706
412136
413704
413826
413919
414040
414177
415776
417023
417416
418869
419634
420318
420629
420777
420978
421144
421735
422440
422670
423318
423697
424286
424541
425469
426070
426574
426798
427161
429877
430459
430815
432195
432339
433533
434534
434655
435226
435424
436432
436493
437598
437745
438373
439394
439567
440247
440768
441037
441191
441475
441814
442814
443460
443970
444146
445291
445802
446541
447654
449263
450429
451107
451256
451942
452127
452358
453135
453233
453777
454563
455209
455454
456248
456706
456880
457179
457545
458083
458448
458601
459117
460658
462112
462333
462899
463074
463083
463603
463839
463869
464460
465355
465975
466692
468674
468846
469541
469667
469741
469954
469989
470290
470377
471190
471305
473580
473704
474000
474036
474329
474767
475770
477342
477521
479783
480072
480848
483823
484082
484481
487351
487703
488157
488189
489037
489253
489501
489592
490060
491469
491818
492223
492546
492724
492922
494019
494936
496334
496440
497085
498263
498457
498552
498726
498801
499232
