-491056
-485766
-480748
-472771
-466259
-464720
-464424
-450854
-448717
-439227
-430666
-429272
-417044
-411888
-409345
-400297
-394218
-391015
-388891
-387547
-378931
-377344
-372432
-368143
-366720
-366160
-363936
-361779
-355101
-347000
-335307
-313770
-312247
-295848
-295650
-261910
-250479
-240948
-212595
-187786
-175793
-175349
-153974
-146768
-132391
-124991
-92899
-71704
-50016
-45432
-33918
-14146
-12509
-2392
1163
6727
12226
24555
25482
31899
38711
45088
59481
63135
93196
100772
103624
111411
112798
117439
124577
128802
134071
153624
155887
173594
199619
203159
204856
217519
221602
232133
239586
251903
258693
264985
275598
310852
327648
347365
362747
375155
388221
388599
403553
406086
409979
420777
438373
463869
494019
