67168
116462
-187943
-424124
-377720
-118263
-430666
176624
258879
-454862
-66821
187391
239594
-309317
-317360
-295393
-259147
-60642
217719
-435142
256991
-223447
235166
1264
272610
443460
80364
-133946
-374853
379652
-235082
-218025
441814
207663
-244236
343308
155398
-438591
-232847
-40326
1309
147817
-183765
-299674
463083
58389
227733
385051
209592
-178906
156790
411528
-286082
112430
-253134
-214906
-436411
-474670
491410
-364946
-318764
-259963
-430267
132741
230506
-416180
-268849
-256868
-244381
256420
255153
335734
-498458
-108414
406423
178621
-444384
-156633
44815
186889
219682
-325022
253288
91623
-254263
105332
-33918
258693
-277420
-202114
318397
148240
324407
351942
236487
380519
-342456
267097
-248892
-317477
-223666
176365
-44331
-430522
399798
335667
-29262
12139
-438635
-477704
195565
413704
395161
237221
-149851
85603
400115
451107
-362730
77441
-166059
-415081
474370
446565
-151715
98714
-113718
-361500
-400297
-475533
197979
-390642
3118
45865
-174575
52014
-485766
144959
136382
22185
-173803
47868
57868
221245
463074
-37795
-272981
-123117
-429369
191233
-80143
-205389
181444
-44917
-78972
-269471
495988
17076
77380
-134700
-201780
-113131
308059
-201356
486309
-304312
-153974
339023
-465902
107708
-310730
-340234
-417450
324223
-452667
439072
28330
371473
-237278
-497483
189118
210837
278573
-307268
-273848
82587
117439
-404216
-272253
-12259
-445203
235214
469748
294913
-176262
133858
-204433
-350337
132000
-484455
70016
-335031
114247
-337931
-376938
69216
498457
121834
329233
148177
-118074
126646
353521
9863
124146
5722
212291
-271583
88252
-257491
-12936
-386823
-244541
-123633
257477
345009
-189547
318757
405399
-145085
71029
-2392
-390688
418728
456248
222283
-171644
337211
-17226
-211307
359732
-376309
-37297
-123982
-336448
-298446
308192
-143553
-429100
-82119
243935
262615
-387547
-149231
435424
57019
388668
497707
-355101
-327865
401998
159463
-421029
-364782
-6547
159827
-16976
377446
-135119
-221145
60898
-429928
-431793
-241847
-64352
495514
-245621
58656
-284947
361663
115752
-452755
396822
-328851
20677
188649
148156
178260
248771
492621
-368244
-139831
340729
-355443
-135511
-288016
-157403
-117682
-3076
-461577
-405540
-411888
-378931
425469
250492
-404734
186232
-263931
462209
-12509
440768
396629
-103971
-147155
-57132
-484644
281293
265158
-440743
-58898
-240948
439729
-1457
104618
-366725
-56233
408246
-322170
13404
447654
16971
-300635
371746
-47402
11428
-383398
-444575
16637
-55195
-25573
100459
468153
465975
384073
309151
317351
-450471
425422
376264
328098
-108105
-280010
-98631
-22846
-123011
-334508
-326650
485606
334220
-407782
36218
-244121
226514
-254655
184361
122037
-244591
54972
-263463
406359
172551
433862
472487
452358
140410
237281
309764
199949
5426
-302109
-391015
217792
281826
-205822
-361779
120292
-141416
-448717
-59374
-88983
-64888
11919
150426
-469393
456706
-351622
258248
-403331
490060
178852
-313770
472918
-33681
473704
449263
366447
-173149
-244192
-64691
361591
67458
-184011
182841
-245545
-375089
338893
-197827
281350
-272134
491000
-247214
-64302
78584
450429
-320863
-148765
-263385
-275153
-478974
-472354
-200090
258968
-20027
-262168
-339235
-8558
188160
82990
83917
376724
-324089
-423614
-437726
-388891
489375
-250284
312919
-70957
-371332
-389106
139894
-353167
42843
-143686
-129123
-489970
-448719
438890
116418
266806
480072
-319384
-433764
-157406
-417667
231554
412530
-204214
162925
353403
240814
-476140
384096
-415883
-276815
-284223
-234680
249841
268922
-372432
95876
-381461
88588
-190993
-117364
364934
312288
-186570
66093
-63667
-187969
-233367
-256139
-488235
212777
-117889
324132
177548
-375536
-16810
136594
-67989
-200397
289914
24957
433145
469058
394213
-489230
256730
435711
43395
364232
100767
1455
392733
-28652
-184703
492724
-15795
-230387
-275181
-435953
464460
-242460
496334
-251612
-366086
347747
82009
-444529
149444
-207149
145878
111411
353508
-444156
-420385
372529
208612
-429687
-42219
430459
373061
306176
278478
-312516
-406548
151747
384126
390675
72262
298682
-290642
-214221
-456534
-391858
284002
-385304
-484872
-479044
-386505
-79331
-334547
-236006
151646
154109
-71464
-282031
263898
-454195
12720
384680
44947
-409345
59481
-59088
410482
-281458
-178034
-306081
-110972
-198970
210214
122205
286801
334154
208232
230433
19587
-302585
153232
440004
-197074
-110818
138847
492189
-220926
-233607
-144654
-243515
-391802
80768
64697
-293092
-273955
-223854
242368
-439227
-13075
-499593
175236
-21181
-376538
-484616
-252123
394487
199429
272422
219631
-421080
199785
222843
497232
-355928
-91177
172010
-63752
340382
74776
-192418
43967
-39336
467386
-492278
381438
30436
-398678
453353
-279713
67453
295173
-116307
-250479
-47723
458083
155887
494936
134071
-12306
248107
244467
221602
-175349
-498998
10667
-114398
247899
-373496
-255571
-327869
-384141
209441
-428386
432195
-472771
105807
-455922
439394
199121
-308281
491469
-34647
-24808
350436
-241600
391200
286482
121307
-60071
11485
-495825
-204688
-337331
121891
-385134
-466894
-246957
-242916
-214963
-168101
161892
-285220
-195432
96217
162319
14525
157635
-145973
-291199
-168592
-161273
-250777
443970
321614
-107590
404482
87563
-211868
-485689
-52435
97132
-311316
-92186
-299702
282053
474036
454857
414177
-175793
-480748
-123527
-141541
-218774
64322
-485983
-310095
270425
-417081
469917
245902
28675
463869
-27947
-396071
399572
492268
-359194
-169521
163842
-417948
-396683
-60983
59585
416611
-103610
-414124
80064
-274574
420906
183511
277074
346609
489592
-159238
184058
-403748
-232288
243323
393702
380480
159154
-315358
240346
-251266
474783
-778
179028
-25668
-105079
-214957
-329704
334803
203794
142802
254358
-405474
166128
-240619
-420554
-498045
-77914
-133315
-206609
80184
-105799
-185650
453777
388441
267526
-405349
-140888
43477
368397
-360781
454563
-83263
272474
343834
180571
369689
311649
-325961
74313
-464715
277442
-229291
374704
-436617
-462586
-272050
7551
73431
-458346
424991
218809
-170107
173468
363658
-432642
223600
328734
-105308
-22933
165529
128802
-273943
79069
-224354
168436
-356266
-118417
-295102
-71667
-69145
277207
157958
107513
-187454
-235143
-451739
298629
-340026
-206372
355073
-477741
316340
-132427
70338
11778
-192591
284440
115406
127639
-287842
240940
-252092
-236618
-328205
-395567
-108695
159206
-209037
42286
-14339
270587
210699
463839
420318
165800
-375143
-373692
309560
-9153
-470266
-276338
-74766
440662
110078
251991
-480042
-45432
259738
-353241
72579
-257043
69589
115385
-368143
-174168
-108282
-289916
390567
-279128
417818
-395339
-72288
-238567
-100188
-438237
336806
-177796
-367995
-52730
-248268
-59270
-115775
-475472
413806
368959
497085
110172
321783
-446435
-420467
-130922
-254273
145877
-401134
157172
-105023
-53690
-180981
-321517
59897
-108352
-493406
-118152
-175137
-24586
-127015
-258319
-159084
-24377
-462286
139200
127205
-35859
-420969
409979
287710
185802
-275758
250630
-223059
230553
92730
310249
98735
422670
-42957
55536
-173976
-273477
-39307
373071
104874
423513
371827
469195
-167731
-247623
-171306
-76628
-202081
219531
-40785
467973
148679
69172
-307056
-275855
-482233
-453859
-371812
-433343
-386238
372613
-257812
-323817
-421968
-425975
426070
-425751
22201
-254732
180046
-297423
-496316
64796
-306645
-207915
155180
-224917
54391
41084
-356900
340587
-415135
-110821
92776
417416
4132
435226
106995
-408174
5531
-227332
-363091
-74965
-158307
455653
-228492
-480316
65731
232068
-302856
-434600
449317
156915
-95367
-3981
62482
329739
-437321
-400650
219155
212070
-155379
-155833
-493753
370365
470290
-218668
120518
-278843
-187704
-476486
-142124
-149193
364811
-146509
175272
87831
-214750
265270
-22419
83799
-171305
-387796
3481
287882
210336
-112141
-428642
167881
-198252
-154066
298502
-366916
361227
-422674
471190
6007
367439
-162692
-359568
171894
424286
48449
316754
-426978
130390
-499740
143149
15656
-420456
389442
175703
220037
120814
215551
85355
-314564
-297955
-261910
-474616
-107754
-144683
192367
285897
-484648
-118394
-288933
-138647
-405311
-56494
-393758
-363731
243069
-271464
25163
480628
-401510
-328446
-412522
-320298
441037
224810
276021
-192603
-400411
213297
-17851
26942
58721
-356094
482634
33220
163869
-327022
-249102
-188455
-204251
-317851
320179
331080
430409
-131618
-38568
58216
-360609
92658
-253594
56437
183132
-220522
353253
-81542
-370036
-413524
419634
459322
455209
-427090
104726
360528
-472942
-250100
-251622
69900
121206
-404035
-214482
-406162
381080
-371746
168720
-69662
-230870
416918
133149
-215181
467515
-234115
193760
-366065
-435997
173594
-311598
248942
-396478
-47327
-348128
-237803
33885
-129148
430815
-93415
-54083
311408
103624
310517
475058
314442
-99534
-421457
96075
464220
229118
181270
-452818
-188277
-72156
434655
128099
-36834
318994
98650
228258
251464
-298290
371417
412136
420609
-292548
-111112
-111516
178067
162778
-465844
129432
-313924
240773
-80467
256433
-217378
-252519
303687
-480318
-204241
-56630
-381552
-125842
140103
375720
-2268
150407
65480
-479882
-482127
154208
-231425
-193636
-61546
-401660
-241862
-60209
195466
-328468
248753
-271101
-226870
-426369
-278711
479783
-144174
111794
-436805
-259457
285868
289157
367460
253522
-127981
-269685
5784
288364
94342
371005
-31454
313940
294459
67989
-433223
-158464
420268
292785
-359966
-320659
-404764
279611
334970
140240
164033
-216658
436493
-464464
-350641
-96436
-117617
-352028
189403
-111885
58991
-471037
-448038
-424977
-373613
-409921
75221
-469172
12241
-410398
-143062
-339750
-113266
-320266
-459036
113982
396553
89716
314337
-219312
196595
-119743
-46255
-412564
-333412
100254
-252567
-336981
-234754
49748
-203755
1051
411706
-44634
233153
14718
266310
-391736
261927
4722
-395954
453929
-249055
-467182
320223
434473
-383601
-494829
1163
-99891
275542
325183
332644
-255811
-33742
62611
-405718
-354140
304046
-196065
198505
-388173
64452
-83099
171404
-241171
-56583
-281855
-495734
244266
-75766
190317
-343995
257761
-495019
-489374
-94150
228330
70336
56380
375741
441475
224232
-273400
190851
459476
-366505
-282519
214263
-186492
-310097
138801
223174
65116
131701
-367805
316802
165776
108476
-460230
-15283
22297
217294
87153
71131
-61336
-305615
-178694
137737
-334030
-298665
-351042
-171736
328501
283571
238555
287762
-74368
-182218
-487072
344167
343550
-88158
-318182
-459561
-474359
482204
-461053
-109583
73425
393190
474329
492546
-122553
21760
209010
-138204
-9219
-250291
-317130
-96933
-40645
-60715
-312354
351391
-327712
413919
124451
313541
-312247
229632
388599
260207
-412760
197379
-196068
143453
323560
-492513
166388
160593
-364689
-196621
56762
-410000
446290
303739
-76135
-106455
391985
-160557
-457244
-381188
-12725
-275909
-152229
-436310
86886
-88780
24555
-357128
-376514
461212
-454720
-424002
-99531
-379158
346450
-191388
350222
-77704
429761
-175369
2395
-497543
-309531
-124343
-271260
265884
-395494
-13529
218416
-491484
-110643
178982
236022
156012
496837
80131
367276
145116
369001
-70174
267829
324689
-117767
-25521
-440811
202527
-229575
186686
465786
403840
-284856
-306774
-190045
447093
221881
117677
426798
-97102
-87221
-86586
-350313
-343722
-272539
86717
368246
-39618
-271611
-66437
-210964
-35714
-380317
333592
-120723
-170483
-126361
-92911
41663
-335307
-187733
85798
141322
480595
265835
-435354
-358057
8091
-236159
474170
-208199
-242257
230065
309393
-402782
363599
11020
112495
243432
-150630
64719
78289
185147
458601
391861
224918
385678
164570
271459
216061
487872
-154044
-464414
-176309
91357
-449014
-359898
-218406
-292839
-89050
-17986
-408791
36004
-492844
160933
-244028
414876
154437
68943
-158130
-232883
-314405
-243428
85041
122529
285350
171129
272557
434028
-305075
190
-196427
-369408
209782
-76734
150616
-43559
234029
254800
271078
-71809
243202
331322
385341
-379195
-26700
-277213
406483
174828
-136344
283213
-223099
112913
275163
-238575
474000
329285
-214233
1566
37962
-53319
-237052
90187
286479
-305071
36190
-380255
-185897
250983
265042
359604
284820
-17634
-312425
204331
315206
-327684
-478101
334093
152599
-144191
-391906
473084
436662
-301079
-400086
169577
-43803
-55364
339383
-429301
-275672
243196
-365839
-468709
468674
499051
215944
397224
408547
228186
-42563
273678
-205454
224723
-110857
213282
104135
-6058
-460569
-224236
-253842
-66545
303152
-250947
76166
-93177
-69335
301774
-275249
-429272
-163913
139012
-294874
-60575
-47052
451942
360837
321554
411077
-466259
-188571
-319393
-296532
-327963
262033
-474286
123094
-197848
-488416
-380156
-369754
-437591
106780
-496791
-277027
-187786
-75402
249968
343376
16979
404339
-481337
-186867
-73139
-474821
219135
-245312
-271847
-407470
458448
-267223
353766
-281563
401470
-495777
248597
-404456
-119471
-56807
446863
-454444
-328489
378521
125875
-45178
-136387
-194011
-268591
-234973
330273
-399283
128929
238198
-316945
-262767
359129
-22927
394483
-221226
-412865
310795
-10485
-80683
-199577
-23340
267628
-272048
310440
-4368
124538
-475487
406086
441191
-208153
366000
-315643
237941
-460837
161143
394746
-405782
365139
-427732
320088
463713
-456451
34372
-499651
208243
388341
-141782
409152
-279301
68087
-468485
-414573
-91522
410116
85647
395123
-38001
406769
382854
268319
346097
333460
381847
-115527
-135946
429855
95238
-272341
498726
266977
486302
-355144
-366720
403938
277410
344032
469989
383127
390784
29534
-361906
-497839
-194140
478944
-155577
-324644
-17096
403379
-196162
-212438
-323716
442573
114864
-303845
29347
478183
434534
267138
-127874
-121578
-204727
382784
-475878
-361675
368466
-433734
233796
-352302
-51944
334631
-218867
136376
-177220
269226
36189
-402660
397575
-150568
-301399
193999
-310971
43557
