[1,    19] loss: 53.679
[2,    19] loss: 50.904
[3,    19] loss: 49.544
[4,    19] loss: 49.095
[5,    19] loss: 49.000
[6,    19] loss: 48.999
[7,    19] loss: 49.004
[8,    19] loss: 49.006
[9,    19] loss: 49.006
[10,    19] loss: 49.006
[11,    19] loss: 49.006
[12,    19] loss: 49.006
[13,    19] loss: 49.005
[14,    19] loss: 49.005
[15,    19] loss: 49.004
[16,    19] loss: 49.002
[17,    19] loss: 48.999
[18,    19] loss: 48.991
[19,    19] loss: 48.953
[20,    19] loss: 48.808
[21,    19] loss: 47.566
[22,    19] loss: 40.479
[23,    19] loss: 31.890
[24,    19] loss: 24.819
[25,    19] loss: 20.351
[26,    19] loss: 17.684
[27,    19] loss: 16.257
[28,    19] loss: 15.282
[29,    19] loss: 14.562
[30,    19] loss: 14.266
[31,    19] loss: 14.811
[32,    19] loss: 16.910
[33,    19] loss: 15.761
[34,    19] loss: 13.933
[35,    19] loss: 13.211
[36,    19] loss: 13.132
[37,    19] loss: 12.971
[38,    19] loss: 12.896
[39,    19] loss: 12.251
[40,    19] loss: 12.429
[41,    19] loss: 12.951
[42,    19] loss: 13.366
[43,    19] loss: 11.884
[44,    19] loss: 11.764
[45,    19] loss: 11.884
[46,    19] loss: 11.441
[47,    19] loss: 10.913
[48,    19] loss: 10.892
[49,    19] loss: 10.754
[50,    19] loss: 10.824
[51,    19] loss: 11.256
[52,    19] loss: 11.624
[53,    19] loss: 11.812
[54,    19] loss: 12.120
[55,    19] loss: 11.479
[56,    19] loss: 11.675
[57,    19] loss: 11.388
[58,    19] loss: 10.779
[59,    19] loss: 11.041
[60,    19] loss: 10.971
[61,    19] loss: 10.429
[62,    19] loss: 10.374
[63,    19] loss: 10.351
[64,    19] loss: 10.404
[65,    19] loss: 10.540
[66,    19] loss: 12.912
[67,    19] loss: 10.318
[68,    19] loss: 10.133
[69,    19] loss: 10.838
[70,    19] loss: 9.839
[71,    19] loss: 10.050
[72,    19] loss: 10.858
[73,    19] loss: 10.197
[74,    19] loss: 10.233
[75,    19] loss: 9.777
[76,    19] loss: 10.546
[77,    19] loss: 9.676
[78,    19] loss: 9.672
[79,    19] loss: 9.317
[80,    19] loss: 9.965
[81,    19] loss: 10.542
[82,    19] loss: 10.481
[83,    19] loss: 11.457
[84,    19] loss: 9.950
[85,    19] loss: 10.302
[86,    19] loss: 10.728
[87,    19] loss: 11.624
[88,    19] loss: 12.637
[89,    19] loss: 11.061
[90,    19] loss: 10.820
[91,    19] loss: 11.214
[92,    19] loss: 11.442
[93,    19] loss: 11.409
[94,    19] loss: 11.010
[95,    19] loss: 12.540
[96,    19] loss: 10.996
[97,    19] loss: 11.590
[98,    19] loss: 12.509
[99,    19] loss: 12.057
[100,    19] loss: 11.936
[101,    19] loss: 10.263
[102,    19] loss: 10.731
[103,    19] loss: 10.057
[104,    19] loss: 9.531
[105,    19] loss: 9.453
[106,    19] loss: 9.585
[107,    19] loss: 9.433
[108,    19] loss: 9.760
[109,    19] loss: 9.626
[110,    19] loss: 10.116
[111,    19] loss: 9.209
[112,    19] loss: 9.004
[113,    19] loss: 8.781
[114,    19] loss: 9.125
[115,    19] loss: 8.797
[116,    19] loss: 8.813
[117,    19] loss: 9.004
[118,    19] loss: 9.010
[119,    19] loss: 9.427
[120,    19] loss: 9.468
[121,    19] loss: 10.228
[122,    19] loss: 8.863
[123,    19] loss: 8.557
[124,    19] loss: 8.506
[125,    19] loss: 8.371
[126,    19] loss: 8.373
[127,    19] loss: 8.385
[128,    19] loss: 8.416
[129,    19] loss: 8.386
[130,    19] loss: 8.265
[131,    19] loss: 8.198
[132,    19] loss: 8.161
[133,    19] loss: 8.144
[134,    19] loss: 8.135
[135,    19] loss: 8.123
[136,    19] loss: 8.117
[137,    19] loss: 8.112
[138,    19] loss: 8.109
[139,    19] loss: 8.106
[140,    19] loss: 8.103
[141,    19] loss: 8.101
[142,    19] loss: 8.099
[143,    19] loss: 8.097
[144,    19] loss: 8.096
[145,    19] loss: 8.094
[146,    19] loss: 8.093
[147,    19] loss: 8.091
[148,    19] loss: 8.090
[149,    19] loss: 8.089
[150,    19] loss: 8.088
[151,    19] loss: 8.087
[152,    19] loss: 8.087
[153,    19] loss: 8.086
[154,    19] loss: 8.085
[155,    19] loss: 8.084
[156,    19] loss: 8.084
[157,    19] loss: 8.083
[158,    19] loss: 8.083
[159,    19] loss: 8.082
[160,    19] loss: 8.082
[161,    19] loss: 8.081
[162,    19] loss: 8.081
[163,    19] loss: 8.080
[164,    19] loss: 8.080
[165,    19] loss: 8.080
[166,    19] loss: 8.079
[167,    19] loss: 8.079
[168,    19] loss: 8.079
[169,    19] loss: 8.078
[170,    19] loss: 8.078
[171,    19] loss: 8.078
[172,    19] loss: 8.077
[173,    19] loss: 8.077
[174,    19] loss: 8.077
[175,    19] loss: 8.076
[176,    19] loss: 8.076
[177,    19] loss: 8.076
[178,    19] loss: 8.075
[179,    19] loss: 8.075
[180,    19] loss: 8.075
[181,    19] loss: 8.075
[182,    19] loss: 8.074
[183,    19] loss: 8.074
[184,    19] loss: 8.074
[185,    19] loss: 8.074
[186,    19] loss: 8.074
[187,    19] loss: 8.073
[188,    19] loss: 8.073
[189,    19] loss: 8.073
[190,    19] loss: 8.073
[191,    19] loss: 8.073
[192,    19] loss: 8.073
[193,    19] loss: 8.072
[194,    19] loss: 8.072
[195,    19] loss: 8.072
[196,    19] loss: 8.072
[197,    19] loss: 8.072
[198,    19] loss: 8.072
[199,    19] loss: 8.072
[200,    19] loss: 8.071
[201,    19] loss: 8.071
[202,    19] loss: 8.071
[203,    19] loss: 8.071
[204,    19] loss: 8.071
[205,    19] loss: 8.071
[206,    19] loss: 8.071
[207,    19] loss: 8.071
[208,    19] loss: 8.071
[209,    19] loss: 8.071
[210,    19] loss: 8.071
[211,    19] loss: 8.070
[212,    19] loss: 8.070
[213,    19] loss: 8.070
[214,    19] loss: 8.070
[215,    19] loss: 8.070
[216,    19] loss: 8.070
[217,    19] loss: 8.070
[218,    19] loss: 8.070
[219,    19] loss: 8.070
[220,    19] loss: 8.070
[221,    19] loss: 8.070
[222,    19] loss: 8.070
[223,    19] loss: 8.070
[224,    19] loss: 8.070
[225,    19] loss: 8.070
[226,    19] loss: 8.070
[227,    19] loss: 8.070
[228,    19] loss: 8.069
[229,    19] loss: 8.069
[230,    19] loss: 8.069
[231,    19] loss: 8.069
[232,    19] loss: 8.069
[233,    19] loss: 8.069
[234,    19] loss: 8.069
[235,    19] loss: 8.069
[236,    19] loss: 8.069
[237,    19] loss: 8.069
[238,    19] loss: 8.069
[239,    19] loss: 8.069
[240,    19] loss: 8.069
[241,    19] loss: 8.069
[242,    19] loss: 8.069
[243,    19] loss: 8.069
[244,    19] loss: 8.069
[245,    19] loss: 8.069
[246,    19] loss: 8.069
[247,    19] loss: 8.069
[248,    19] loss: 8.069
[249,    19] loss: 8.069
[250,    19] loss: 8.069
[251,    19] loss: 8.069
[252,    19] loss: 8.069
[253,    19] loss: 8.069
[254,    19] loss: 8.069
[255,    19] loss: 8.068
[256,    19] loss: 8.068
[257,    19] loss: 8.068
[258,    19] loss: 8.068
[259,    19] loss: 8.068
[260,    19] loss: 8.068
[261,    19] loss: 8.067
[262,    19] loss: 8.067
[263,    19] loss: 8.067
[264,    19] loss: 8.067
[265,    19] loss: 8.067
[266,    19] loss: 8.067
[267,    19] loss: 8.067
[268,    19] loss: 8.067
[269,    19] loss: 8.067
[270,    19] loss: 8.067
[271,    19] loss: 8.067
[272,    19] loss: 8.067
[273,    19] loss: 8.067
[274,    19] loss: 8.067
[275,    19] loss: 8.067
[276,    19] loss: 8.067
[277,    19] loss: 8.067
[278,    19] loss: 8.067
[279,    19] loss: 8.067
[280,    19] loss: 8.067
[281,    19] loss: 8.067
[282,    19] loss: 8.067
[283,    19] loss: 8.067
[284,    19] loss: 8.067
[285,    19] loss: 8.067
[286,    19] loss: 8.067
[287,    19] loss: 8.067
[288,    19] loss: 8.067
[289,    19] loss: 8.067
[290,    19] loss: 8.067
[291,    19] loss: 8.067
[292,    19] loss: 8.067
[293,    19] loss: 8.067
[294,    19] loss: 8.067
[295,    19] loss: 8.067
[296,    19] loss: 8.067
[297,    19] loss: 8.067
[298,    19] loss: 8.067
[299,    19] loss: 8.067
[300,    19] loss: 8.067
[301,    19] loss: 8.067
[302,    19] loss: 8.067
[303,    19] loss: 8.067
[304,    19] loss: 8.067
[305,    19] loss: 8.067
[306,    19] loss: 8.067
[307,    19] loss: 8.067
[308,    19] loss: 8.067
[309,    19] loss: 8.067
[310,    19] loss: 8.067
[311,    19] loss: 8.067
[312,    19] loss: 8.067
[313,    19] loss: 8.067
[314,    19] loss: 8.067
[315,    19] loss: 8.067
[316,    19] loss: 8.067
[317,    19] loss: 8.067
[318,    19] loss: 8.067
[319,    19] loss: 8.067
[320,    19] loss: 8.067
[321,    19] loss: 8.067
[322,    19] loss: 8.067
[323,    19] loss: 8.067
[324,    19] loss: 8.067
[325,    19] loss: 8.067
[326,    19] loss: 8.067
[327,    19] loss: 8.067
[328,    19] loss: 8.067
[329,    19] loss: 8.067
[330,    19] loss: 8.067
[331,    19] loss: 8.067
[332,    19] loss: 8.067
[333,    19] loss: 8.067
[334,    19] loss: 8.067
[335,    19] loss: 8.067
[336,    19] loss: 8.067
[337,    19] loss: 8.067
[338,    19] loss: 8.067
[339,    19] loss: 8.067
[340,    19] loss: 8.067
[341,    19] loss: 8.067
[342,    19] loss: 8.067
[343,    19] loss: 8.067
[344,    19] loss: 8.067
[345,    19] loss: 8.067
[346,    19] loss: 8.067
[347,    19] loss: 8.067
[348,    19] loss: 8.067
[349,    19] loss: 8.067
[350,    19] loss: 8.067
[351,    19] loss: 8.067
[352,    19] loss: 8.067
[353,    19] loss: 8.067
[354,    19] loss: 8.067
[355,    19] loss: 8.067
[356,    19] loss: 8.067
[357,    19] loss: 8.067
[358,    19] loss: 8.067
[359,    19] loss: 8.067
[360,    19] loss: 8.067
[361,    19] loss: 8.067
[362,    19] loss: 8.067
[363,    19] loss: 8.066
[364,    19] loss: 8.066
[365,    19] loss: 8.066
[366,    19] loss: 8.066
[367,    19] loss: 8.066
[368,    19] loss: 8.066
[369,    19] loss: 8.066
[370,    19] loss: 8.066
[371,    19] loss: 8.066
[372,    19] loss: 8.066
[373,    19] loss: 8.066
[374,    19] loss: 8.066
[375,    19] loss: 8.066
[376,    19] loss: 8.066
[377,    19] loss: 8.066
[378,    19] loss: 8.066
[379,    19] loss: 8.066
[380,    19] loss: 8.066
[381,    19] loss: 8.066
[382,    19] loss: 8.066
[383,    19] loss: 8.066
[384,    19] loss: 8.066
[385,    19] loss: 8.066
[386,    19] loss: 8.066
[387,    19] loss: 8.066
[388,    19] loss: 8.066
[389,    19] loss: 8.066
[390,    19] loss: 8.066
[391,    19] loss: 8.066
[392,    19] loss: 8.066
[393,    19] loss: 8.066
[394,    19] loss: 8.066
[395,    19] loss: 8.066
[396,    19] loss: 8.066
[397,    19] loss: 8.066
[398,    19] loss: 8.066
[399,    19] loss: 8.066
[400,    19] loss: 8.066
[401,    19] loss: 8.066
[402,    19] loss: 8.066
[403,    19] loss: 8.066
[404,    19] loss: 8.066
[405,    19] loss: 8.066
[406,    19] loss: 8.066
[407,    19] loss: 8.066
[408,    19] loss: 8.066
[409,    19] loss: 8.066
[410,    19] loss: 8.066
[411,    19] loss: 8.066
[412,    19] loss: 8.066
[413,    19] loss: 8.066
[414,    19] loss: 8.066
[415,    19] loss: 8.066
[416,    19] loss: 8.066
[417,    19] loss: 8.066
[418,    19] loss: 8.066
[419,    19] loss: 8.066
[420,    19] loss: 8.066
[421,    19] loss: 8.066
[422,    19] loss: 8.066
[423,    19] loss: 8.066
[424,    19] loss: 8.066
[425,    19] loss: 8.066
[426,    19] loss: 8.066
[427,    19] loss: 8.066
[428,    19] loss: 8.066
[429,    19] loss: 8.066
[430,    19] loss: 8.066
[431,    19] loss: 8.066
[432,    19] loss: 8.066
[433,    19] loss: 8.066
[434,    19] loss: 8.066
[435,    19] loss: 8.066
[436,    19] loss: 8.066
[437,    19] loss: 8.066
[438,    19] loss: 8.066
[439,    19] loss: 8.066
[440,    19] loss: 8.066
[441,    19] loss: 8.066
[442,    19] loss: 8.066
[443,    19] loss: 8.066
[444,    19] loss: 8.066
[445,    19] loss: 8.066
[446,    19] loss: 8.066
[447,    19] loss: 8.066
[448,    19] loss: 8.066
[449,    19] loss: 8.066
[450,    19] loss: 8.066
[451,    19] loss: 8.066
[452,    19] loss: 8.066
[453,    19] loss: 8.066
[454,    19] loss: 8.066
[455,    19] loss: 8.066
[456,    19] loss: 8.066
[457,    19] loss: 8.066
[458,    19] loss: 8.066
[459,    19] loss: 8.066
[460,    19] loss: 8.066
[461,    19] loss: 8.066
[462,    19] loss: 8.066
[463,    19] loss: 8.066
[464,    19] loss: 8.066
[465,    19] loss: 8.066
[466,    19] loss: 8.066
[467,    19] loss: 8.066
[468,    19] loss: 8.066
[469,    19] loss: 8.066
[470,    19] loss: 8.066
[471,    19] loss: 8.066
[472,    19] loss: 8.066
[473,    19] loss: 8.066
[474,    19] loss: 8.066
[475,    19] loss: 8.066
[476,    19] loss: 8.066
[477,    19] loss: 8.066
[478,    19] loss: 8.066
[479,    19] loss: 8.066
[480,    19] loss: 8.066
[481,    19] loss: 8.066
[482,    19] loss: 8.066
[483,    19] loss: 8.066
[484,    19] loss: 8.066
[485,    19] loss: 8.066
[486,    19] loss: 8.066
[487,    19] loss: 8.066
[488,    19] loss: 8.066
[489,    19] loss: 8.066
[490,    19] loss: 8.066
[491,    19] loss: 8.066
[492,    19] loss: 8.066
[493,    19] loss: 8.066
[494,    19] loss: 8.066
[495,    19] loss: 8.066
[496,    19] loss: 8.066
[497,    19] loss: 8.066
[498,    19] loss: 8.066
[499,    19] loss: 8.066
[500,    19] loss: 8.066
