[1,    19] loss: 82.634
[2,    19] loss: 73.682
[3,    19] loss: 67.615
[4,    19] loss: 63.250
[5,    19] loss: 59.826
[6,    19] loss: 57.173
[7,    19] loss: 55.223
[8,    19] loss: 53.679
[9,    19] loss: 52.466
[10,    19] loss: 51.526
[11,    19] loss: 50.810
[12,    19] loss: 50.274
[13,    19] loss: 49.879
[14,    19] loss: 49.596
[15,    19] loss: 49.397
[16,    19] loss: 49.261
[17,    19] loss: 49.169
[18,    19] loss: 49.109
[19,    19] loss: 49.069
[20,    19] loss: 49.046
[21,    19] loss: 49.030
[22,    19] loss: 49.020
[23,    19] loss: 49.015
[24,    19] loss: 49.011
[25,    19] loss: 49.009
[26,    19] loss: 49.008
[27,    19] loss: 49.005
[28,    19] loss: 49.004
[29,    19] loss: 48.995
[30,    19] loss: 48.685
[31,    19] loss: 41.701
[32,    19] loss: 34.249
[33,    19] loss: 25.968
[34,    19] loss: 21.556
[35,    19] loss: 18.662
[36,    19] loss: 17.282
[37,    19] loss: 16.610
[38,    19] loss: 15.173
[39,    19] loss: 14.802
[40,    19] loss: 14.642
[41,    19] loss: 14.630
[42,    19] loss: 14.765
[43,    19] loss: 14.629
[44,    19] loss: 13.957
[45,    19] loss: 13.669
[46,    19] loss: 13.545
[47,    19] loss: 13.501
[48,    19] loss: 13.464
[49,    19] loss: 13.502
[50,    19] loss: 13.403
[51,    19] loss: 13.262
[52,    19] loss: 13.191
[53,    19] loss: 13.196
[54,    19] loss: 13.205
[55,    19] loss: 13.172
[56,    19] loss: 13.179
[57,    19] loss: 13.125
[58,    19] loss: 13.136
[59,    19] loss: 12.963
[60,    19] loss: 12.896
[61,    19] loss: 12.805
[62,    19] loss: 12.752
[63,    19] loss: 12.702
[64,    19] loss: 12.654
[65,    19] loss: 12.668
[66,    19] loss: 12.600
[67,    19] loss: 12.569
[68,    19] loss: 12.514
[69,    19] loss: 12.530
[70,    19] loss: 12.446
[71,    19] loss: 12.380
[72,    19] loss: 12.476
[73,    19] loss: 12.301
[74,    19] loss: 12.245
[75,    19] loss: 12.325
[76,    19] loss: 12.381
[77,    19] loss: 12.191
[78,    19] loss: 12.135
[79,    19] loss: 12.175
[80,    19] loss: 12.262
[81,    19] loss: 12.141
[82,    19] loss: 12.097
[83,    19] loss: 12.055
[84,    19] loss: 12.020
[85,    19] loss: 12.047
[86,    19] loss: 11.941
[87,    19] loss: 12.095
[88,    19] loss: 11.957
[89,    19] loss: 11.914
[90,    19] loss: 11.863
[91,    19] loss: 11.914
[92,    19] loss: 11.981
[93,    19] loss: 12.001
[94,    19] loss: 11.975
[95,    19] loss: 12.050
[96,    19] loss: 12.073
[97,    19] loss: 11.890
[98,    19] loss: 11.742
[99,    19] loss: 11.749
[100,    19] loss: 11.736
[101,    19] loss: 12.032
[102,    19] loss: 12.058
[103,    19] loss: 11.834
[104,    19] loss: 11.668
[105,    19] loss: 11.757
[106,    19] loss: 11.685
[107,    19] loss: 11.969
[108,    19] loss: 12.043
[109,    19] loss: 11.620
[110,    19] loss: 11.620
[111,    19] loss: 11.541
[112,    19] loss: 11.619
[113,    19] loss: 11.713
[114,    19] loss: 11.805
[115,    19] loss: 11.494
[116,    19] loss: 11.551
[117,    19] loss: 11.552
[118,    19] loss: 11.595
[119,    19] loss: 12.128
[120,    19] loss: 11.643
[121,    19] loss: 11.675
[122,    19] loss: 11.774
[123,    19] loss: 11.358
[124,    19] loss: 11.909
[125,    19] loss: 11.463
[126,    19] loss: 11.407
[127,    19] loss: 11.609
[128,    19] loss: 11.863
[129,    19] loss: 11.485
[130,    19] loss: 11.483
[131,    19] loss: 11.733
[132,    19] loss: 11.294
[133,    19] loss: 11.428
[134,    19] loss: 11.364
[135,    19] loss: 11.341
[136,    19] loss: 11.331
[137,    19] loss: 11.308
[138,    19] loss: 11.309
[139,    19] loss: 11.281
[140,    19] loss: 11.288
[141,    19] loss: 11.281
[142,    19] loss: 11.283
[143,    19] loss: 11.282
[144,    19] loss: 11.266
[145,    19] loss: 11.272
[146,    19] loss: 11.257
[147,    19] loss: 11.257
[148,    19] loss: 11.250
[149,    19] loss: 11.249
[150,    19] loss: 11.242
[151,    19] loss: 11.230
[152,    19] loss: 11.238
[153,    19] loss: 11.230
[154,    19] loss: 11.227
[155,    19] loss: 11.214
[156,    19] loss: 11.210
[157,    19] loss: 11.211
[158,    19] loss: 11.203
[159,    19] loss: 11.202
[160,    19] loss: 11.192
[161,    19] loss: 11.192
[162,    19] loss: 11.185
[163,    19] loss: 11.182
[164,    19] loss: 11.173
[165,    19] loss: 11.173
[166,    19] loss: 11.169
[167,    19] loss: 11.161
[168,    19] loss: 11.159
[169,    19] loss: 11.159
[170,    19] loss: 11.156
[171,    19] loss: 11.150
[172,    19] loss: 11.140
[173,    19] loss: 11.139
[174,    19] loss: 11.138
[175,    19] loss: 11.135
[176,    19] loss: 11.126
[177,    19] loss: 11.123
[178,    19] loss: 11.123
[179,    19] loss: 11.118
[180,    19] loss: 11.110
[181,    19] loss: 11.115
[182,    19] loss: 11.110
[183,    19] loss: 11.107
[184,    19] loss: 11.105
[185,    19] loss: 11.096
[186,    19] loss: 11.096
[187,    19] loss: 11.098
[188,    19] loss: 11.095
[189,    19] loss: 11.094
[190,    19] loss: 11.087
[191,    19] loss: 11.081
[192,    19] loss: 11.080
[193,    19] loss: 11.083
[194,    19] loss: 11.080
[195,    19] loss: 11.080
[196,    19] loss: 11.074
[197,    19] loss: 11.073
[198,    19] loss: 11.069
[199,    19] loss: 11.073
[200,    19] loss: 11.076
[201,    19] loss: 11.072
[202,    19] loss: 11.058
[203,    19] loss: 11.054
[204,    19] loss: 11.056
[205,    19] loss: 11.053
[206,    19] loss: 11.054
[207,    19] loss: 11.057
[208,    19] loss: 11.052
[209,    19] loss: 11.043
[210,    19] loss: 11.040
[211,    19] loss: 11.035
[212,    19] loss: 11.033
[213,    19] loss: 11.034
[214,    19] loss: 11.036
[215,    19] loss: 11.036
[216,    19] loss: 11.032
[217,    19] loss: 11.031
[218,    19] loss: 11.026
[219,    19] loss: 11.024
[220,    19] loss: 11.023
[221,    19] loss: 11.027
[222,    19] loss: 11.023
[223,    19] loss: 11.019
[224,    19] loss: 11.007
[225,    19] loss: 10.996
[226,    19] loss: 10.985
[227,    19] loss: 10.987
[228,    19] loss: 10.995
[229,    19] loss: 11.005
[230,    19] loss: 11.007
[231,    19] loss: 10.997
[232,    19] loss: 10.991
[233,    19] loss: 10.979
[234,    19] loss: 10.977
[235,    19] loss: 10.976
[236,    19] loss: 10.978
[237,    19] loss: 10.984
[238,    19] loss: 10.978
[239,    19] loss: 10.976
[240,    19] loss: 10.972
[241,    19] loss: 10.966
[242,    19] loss: 10.964
[243,    19] loss: 10.963
[244,    19] loss: 10.964
[245,    19] loss: 10.957
[246,    19] loss: 10.951
[247,    19] loss: 10.936
[248,    19] loss: 10.930
[249,    19] loss: 10.933
[250,    19] loss: 10.940
[251,    19] loss: 10.946
[252,    19] loss: 10.945
[253,    19] loss: 10.946
[254,    19] loss: 10.940
[255,    19] loss: 10.934
[256,    19] loss: 10.925
[257,    19] loss: 10.921
[258,    19] loss: 10.914
[259,    19] loss: 10.914
[260,    19] loss: 10.908
[261,    19] loss: 10.839
[262,    19] loss: 10.835
[263,    19] loss: 10.833
[264,    19] loss: 10.832
[265,    19] loss: 10.831
[266,    19] loss: 10.830
[267,    19] loss: 10.829
[268,    19] loss: 10.828
[269,    19] loss: 10.828
[270,    19] loss: 10.827
[271,    19] loss: 10.826
[272,    19] loss: 10.826
[273,    19] loss: 10.825
[274,    19] loss: 10.824
[275,    19] loss: 10.824
[276,    19] loss: 10.823
[277,    19] loss: 10.823
[278,    19] loss: 10.822
[279,    19] loss: 10.822
[280,    19] loss: 10.821
[281,    19] loss: 10.821
[282,    19] loss: 10.820
[283,    19] loss: 10.820
[284,    19] loss: 10.819
[285,    19] loss: 10.819
[286,    19] loss: 10.818
[287,    19] loss: 10.818
[288,    19] loss: 10.817
[289,    19] loss: 10.817
[290,    19] loss: 10.816
[291,    19] loss: 10.816
[292,    19] loss: 10.816
[293,    19] loss: 10.815
[294,    19] loss: 10.815
[295,    19] loss: 10.814
[296,    19] loss: 10.814
[297,    19] loss: 10.814
[298,    19] loss: 10.814
[299,    19] loss: 10.813
[300,    19] loss: 10.813
[301,    19] loss: 10.813
[302,    19] loss: 10.812
[303,    19] loss: 10.812
[304,    19] loss: 10.812
[305,    19] loss: 10.811
[306,    19] loss: 10.811
[307,    19] loss: 10.811
[308,    19] loss: 10.810
[309,    19] loss: 10.810
[310,    19] loss: 10.810
[311,    19] loss: 10.810
[312,    19] loss: 10.809
[313,    19] loss: 10.809
[314,    19] loss: 10.809
[315,    19] loss: 10.808
[316,    19] loss: 10.808
[317,    19] loss: 10.808
[318,    19] loss: 10.808
[319,    19] loss: 10.807
[320,    19] loss: 10.807
[321,    19] loss: 10.806
[322,    19] loss: 10.806
[323,    19] loss: 10.806
[324,    19] loss: 10.806
[325,    19] loss: 10.806
[326,    19] loss: 10.805
[327,    19] loss: 10.805
[328,    19] loss: 10.805
[329,    19] loss: 10.804
[330,    19] loss: 10.805
[331,    19] loss: 10.804
[332,    19] loss: 10.804
[333,    19] loss: 10.803
[334,    19] loss: 10.803
[335,    19] loss: 10.803
[336,    19] loss: 10.802
[337,    19] loss: 10.802
[338,    19] loss: 10.802
[339,    19] loss: 10.802
[340,    19] loss: 10.802
[341,    19] loss: 10.801
[342,    19] loss: 10.801
[343,    19] loss: 10.801
[344,    19] loss: 10.800
[345,    19] loss: 10.800
[346,    19] loss: 10.800
[347,    19] loss: 10.800
[348,    19] loss: 10.799
[349,    19] loss: 10.799
[350,    19] loss: 10.799
[351,    19] loss: 10.799
[352,    19] loss: 10.798
[353,    19] loss: 10.798
[354,    19] loss: 10.798
[355,    19] loss: 10.798
[356,    19] loss: 10.797
[357,    19] loss: 10.797
[358,    19] loss: 10.797
[359,    19] loss: 10.796
[360,    19] loss: 10.796
[361,    19] loss: 10.796
[362,    19] loss: 10.795
[363,    19] loss: 10.796
[364,    19] loss: 10.795
[365,    19] loss: 10.795
[366,    19] loss: 10.795
[367,    19] loss: 10.794
[368,    19] loss: 10.793
[369,    19] loss: 10.793
[370,    19] loss: 10.793
[371,    19] loss: 10.793
[372,    19] loss: 10.793
[373,    19] loss: 10.792
[374,    19] loss: 10.792
[375,    19] loss: 10.792
[376,    19] loss: 10.791
[377,    19] loss: 10.791
[378,    19] loss: 10.791
[379,    19] loss: 10.791
[380,    19] loss: 10.790
[381,    19] loss: 10.790
[382,    19] loss: 10.790
[383,    19] loss: 10.789
[384,    19] loss: 10.789
[385,    19] loss: 10.789
[386,    19] loss: 10.789
[387,    19] loss: 10.789
[388,    19] loss: 10.788
[389,    19] loss: 10.787
[390,    19] loss: 10.788
[391,    19] loss: 10.781
[392,    19] loss: 10.781
[393,    19] loss: 10.781
[394,    19] loss: 10.781
[395,    19] loss: 10.781
[396,    19] loss: 10.781
[397,    19] loss: 10.780
[398,    19] loss: 10.780
[399,    19] loss: 10.780
[400,    19] loss: 10.780
[401,    19] loss: 10.780
[402,    19] loss: 10.780
[403,    19] loss: 10.780
[404,    19] loss: 10.780
[405,    19] loss: 10.780
[406,    19] loss: 10.780
[407,    19] loss: 10.780
[408,    19] loss: 10.780
[409,    19] loss: 10.780
[410,    19] loss: 10.780
[411,    19] loss: 10.780
[412,    19] loss: 10.780
[413,    19] loss: 10.780
[414,    19] loss: 10.780
[415,    19] loss: 10.780
[416,    19] loss: 10.780
[417,    19] loss: 10.780
[418,    19] loss: 10.780
[419,    19] loss: 10.780
[420,    19] loss: 10.779
[421,    19] loss: 10.779
[422,    19] loss: 10.779
[423,    19] loss: 10.779
[424,    19] loss: 10.779
[425,    19] loss: 10.779
[426,    19] loss: 10.779
[427,    19] loss: 10.779
[428,    19] loss: 10.779
[429,    19] loss: 10.779
[430,    19] loss: 10.779
[431,    19] loss: 10.779
[432,    19] loss: 10.779
[433,    19] loss: 10.779
[434,    19] loss: 10.779
[435,    19] loss: 10.779
[436,    19] loss: 10.779
[437,    19] loss: 10.779
[438,    19] loss: 10.779
[439,    19] loss: 10.779
[440,    19] loss: 10.779
[441,    19] loss: 10.779
[442,    19] loss: 10.779
[443,    19] loss: 10.779
[444,    19] loss: 10.779
[445,    19] loss: 10.778
[446,    19] loss: 10.778
[447,    19] loss: 10.778
[448,    19] loss: 10.778
[449,    19] loss: 10.778
[450,    19] loss: 10.778
[451,    19] loss: 10.778
[452,    19] loss: 10.778
[453,    19] loss: 10.778
[454,    19] loss: 10.778
[455,    19] loss: 10.778
[456,    19] loss: 10.778
[457,    19] loss: 10.778
[458,    19] loss: 10.778
[459,    19] loss: 10.778
[460,    19] loss: 10.778
[461,    19] loss: 10.778
[462,    19] loss: 10.778
[463,    19] loss: 10.778
[464,    19] loss: 10.778
[465,    19] loss: 10.778
[466,    19] loss: 10.778
[467,    19] loss: 10.778
[468,    19] loss: 10.778
[469,    19] loss: 10.778
[470,    19] loss: 10.777
[471,    19] loss: 10.777
[472,    19] loss: 10.777
[473,    19] loss: 10.777
[474,    19] loss: 10.777
[475,    19] loss: 10.777
[476,    19] loss: 10.777
[477,    19] loss: 10.777
[478,    19] loss: 10.777
[479,    19] loss: 10.777
[480,    19] loss: 10.777
[481,    19] loss: 10.777
[482,    19] loss: 10.777
[483,    19] loss: 10.777
[484,    19] loss: 10.777
[485,    19] loss: 10.777
[486,    19] loss: 10.777
[487,    19] loss: 10.777
[488,    19] loss: 10.777
[489,    19] loss: 10.777
[490,    19] loss: 10.777
[491,    19] loss: 10.777
[492,    19] loss: 10.777
[493,    19] loss: 10.777
[494,    19] loss: 10.776
[495,    19] loss: 10.776
[496,    19] loss: 10.776
[497,    19] loss: 10.776
[498,    19] loss: 10.776
[499,    19] loss: 10.776
[500,    19] loss: 10.776
