[1,    19] loss: 170.895
[2,    19] loss: 161.176
[3,    19] loss: 151.987
[4,    19] loss: 143.782
[5,    19] loss: 135.508
[6,    19] loss: 127.063
[7,    19] loss: 118.256
[8,    19] loss: 108.671
[9,    19] loss: 96.945
[10,    19] loss: 75.586
[11,    19] loss: 51.823
[12,    19] loss: 49.567
[13,    19] loss: 49.223
[14,    19] loss: 49.244
[15,    19] loss: 49.217
[16,    19] loss: 49.199
[17,    19] loss: 49.193
[18,    19] loss: 49.187
[19,    19] loss: 49.180
[20,    19] loss: 49.173
[21,    19] loss: 49.167
[22,    19] loss: 49.161
[23,    19] loss: 49.155
[24,    19] loss: 49.150
[25,    19] loss: 49.144
[26,    19] loss: 49.139
[27,    19] loss: 49.134
[28,    19] loss: 49.129
[29,    19] loss: 49.124
[30,    19] loss: 49.119
[31,    19] loss: 49.114
[32,    19] loss: 49.109
[33,    19] loss: 49.105
[34,    19] loss: 49.100
[35,    19] loss: 49.095
[36,    19] loss: 49.090
[37,    19] loss: 49.086
[38,    19] loss: 49.083
[39,    19] loss: 49.080
[40,    19] loss: 49.073
[41,    19] loss: 49.067
[42,    19] loss: 49.062
[43,    19] loss: 49.058
[44,    19] loss: 49.053
[45,    19] loss: 49.049
[46,    19] loss: 49.044
[47,    19] loss: 49.039
[48,    19] loss: 49.035
[49,    19] loss: 49.030
[50,    19] loss: 49.025
[51,    19] loss: 49.021
[52,    19] loss: 49.016
[53,    19] loss: 49.011
[54,    19] loss: 49.006
[55,    19] loss: 49.004
[56,    19] loss: 48.999
[57,    19] loss: 48.993
[58,    19] loss: 48.989
[59,    19] loss: 48.980
[60,    19] loss: 48.974
[61,    19] loss: 48.968
[62,    19] loss: 48.961
[63,    19] loss: 48.954
[64,    19] loss: 48.947
[65,    19] loss: 48.940
[66,    19] loss: 48.933
[67,    19] loss: 48.925
[68,    19] loss: 48.917
[69,    19] loss: 48.909
[70,    19] loss: 48.901
[71,    19] loss: 48.892
[72,    19] loss: 48.878
[73,    19] loss: 48.888
[74,    19] loss: 48.853
[75,    19] loss: 48.877
[76,    19] loss: 48.836
[77,    19] loss: 48.820
[78,    19] loss: 48.809
[79,    19] loss: 48.807
[80,    19] loss: 48.735
[81,    19] loss: 48.828
[82,    19] loss: 48.709
[83,    19] loss: 48.691
[84,    19] loss: 48.636
[85,    19] loss: 48.593
[86,    19] loss: 48.498
[87,    19] loss: 48.484
[88,    19] loss: 48.307
[89,    19] loss: 48.270
[90,    19] loss: 48.058
[91,    19] loss: 47.964
[92,    19] loss: 47.718
[93,    19] loss: 47.475
[94,    19] loss: 47.079
[95,    19] loss: 46.511
[96,    19] loss: 45.749
[97,    19] loss: 44.780
[98,    19] loss: 43.645
[99,    19] loss: 40.957
[100,    19] loss: 38.125
[101,    19] loss: 34.025
[102,    19] loss: 29.593
[103,    19] loss: 25.959
[104,    19] loss: 23.174
[105,    19] loss: 20.302
[106,    19] loss: 18.925
[107,    19] loss: 18.000
[108,    19] loss: 17.323
[109,    19] loss: 17.041
[110,    19] loss: 16.986
[111,    19] loss: 17.064
[112,    19] loss: 17.155
[113,    19] loss: 17.014
[114,    19] loss: 16.937
[115,    19] loss: 16.832
[116,    19] loss: 16.736
[117,    19] loss: 16.681
[118,    19] loss: 16.653
[119,    19] loss: 16.629
[120,    19] loss: 16.712
[121,    19] loss: 16.609
[122,    19] loss: 16.592
[123,    19] loss: 16.585
[124,    19] loss: 16.561
[125,    19] loss: 16.664
[126,    19] loss: 16.543
[127,    19] loss: 16.564
[128,    19] loss: 16.521
[129,    19] loss: 16.651
[130,    19] loss: 16.539
[131,    19] loss: 16.460
[132,    19] loss: 16.459
[133,    19] loss: 16.456
[134,    19] loss: 16.453
[135,    19] loss: 16.451
[136,    19] loss: 16.449
[137,    19] loss: 16.447
[138,    19] loss: 16.446
[139,    19] loss: 16.444
[140,    19] loss: 16.442
[141,    19] loss: 16.441
[142,    19] loss: 16.439
[143,    19] loss: 16.437
[144,    19] loss: 16.436
[145,    19] loss: 16.434
[146,    19] loss: 16.432
[147,    19] loss: 16.431
[148,    19] loss: 16.429
[149,    19] loss: 16.427
[150,    19] loss: 16.426
[151,    19] loss: 16.425
[152,    19] loss: 16.422
[153,    19] loss: 16.421
[154,    19] loss: 16.420
[155,    19] loss: 16.418
[156,    19] loss: 16.416
[157,    19] loss: 16.417
[158,    19] loss: 16.414
[159,    19] loss: 16.412
[160,    19] loss: 16.413
[161,    19] loss: 16.410
[162,    19] loss: 16.408
[163,    19] loss: 16.408
[164,    19] loss: 16.405
[165,    19] loss: 16.405
[166,    19] loss: 16.402
[167,    19] loss: 16.402
[168,    19] loss: 16.400
[169,    19] loss: 16.400
[170,    19] loss: 16.397
[171,    19] loss: 16.397
[172,    19] loss: 16.395
[173,    19] loss: 16.401
[174,    19] loss: 16.435
[175,    19] loss: 16.417
[176,    19] loss: 16.395
[177,    19] loss: 16.393
[178,    19] loss: 16.394
[179,    19] loss: 16.391
[180,    19] loss: 16.389
[181,    19] loss: 16.390
[182,    19] loss: 16.387
[183,    19] loss: 16.385
[184,    19] loss: 16.386
[185,    19] loss: 16.383
[186,    19] loss: 16.382
[187,    19] loss: 16.381
[188,    19] loss: 16.379
[189,    19] loss: 16.378
[190,    19] loss: 16.382
[191,    19] loss: 16.413
[192,    19] loss: 16.410
[193,    19] loss: 16.384
[194,    19] loss: 16.377
[195,    19] loss: 16.375
[196,    19] loss: 16.377
[197,    19] loss: 16.374
[198,    19] loss: 16.372
[199,    19] loss: 16.373
[200,    19] loss: 16.370
[201,    19] loss: 16.369
[202,    19] loss: 16.368
[203,    19] loss: 16.368
[204,    19] loss: 16.365
[205,    19] loss: 16.375
[206,    19] loss: 16.429
[207,    19] loss: 16.430
[208,    19] loss: 16.399
[209,    19] loss: 16.367
[210,    19] loss: 16.368
[211,    19] loss: 16.365
[212,    19] loss: 16.364
[213,    19] loss: 16.364
[214,    19] loss: 16.361
[215,    19] loss: 16.361
[216,    19] loss: 16.359
[217,    19] loss: 16.360
[218,    19] loss: 16.357
[219,    19] loss: 16.355
[220,    19] loss: 16.356
[221,    19] loss: 16.353
[222,    19] loss: 16.357
[223,    19] loss: 16.366
[224,    19] loss: 16.374
[225,    19] loss: 16.378
[226,    19] loss: 16.372
[227,    19] loss: 16.357
[228,    19] loss: 16.353
[229,    19] loss: 16.351
[230,    19] loss: 16.350
[231,    19] loss: 16.350
[232,    19] loss: 16.348
[233,    19] loss: 16.348
[234,    19] loss: 16.346
[235,    19] loss: 16.344
[236,    19] loss: 16.345
[237,    19] loss: 16.342
[238,    19] loss: 16.342
[239,    19] loss: 16.340
[240,    19] loss: 16.344
[241,    19] loss: 16.373
[242,    19] loss: 16.399
[243,    19] loss: 16.394
[244,    19] loss: 16.357
[245,    19] loss: 16.343
[246,    19] loss: 16.341
[247,    19] loss: 16.340
[248,    19] loss: 16.340
[249,    19] loss: 16.338
[250,    19] loss: 16.337
[251,    19] loss: 16.337
[252,    19] loss: 16.334
[253,    19] loss: 16.335
[254,    19] loss: 16.332
[255,    19] loss: 16.332
[256,    19] loss: 16.330
[257,    19] loss: 16.331
[258,    19] loss: 16.328
[259,    19] loss: 16.328
[260,    19] loss: 16.326
[261,    19] loss: 16.320
[262,    19] loss: 16.319
[263,    19] loss: 16.319
[264,    19] loss: 16.319
[265,    19] loss: 16.319
[266,    19] loss: 16.319
[267,    19] loss: 16.319
[268,    19] loss: 16.319
[269,    19] loss: 16.319
[270,    19] loss: 16.318
[271,    19] loss: 16.318
[272,    19] loss: 16.318
[273,    19] loss: 16.318
[274,    19] loss: 16.318
[275,    19] loss: 16.318
[276,    19] loss: 16.318
[277,    19] loss: 16.318
[278,    19] loss: 16.318
[279,    19] loss: 16.317
[280,    19] loss: 16.317
[281,    19] loss: 16.317
[282,    19] loss: 16.317
[283,    19] loss: 16.317
[284,    19] loss: 16.317
[285,    19] loss: 16.317
[286,    19] loss: 16.317
[287,    19] loss: 16.317
[288,    19] loss: 16.316
[289,    19] loss: 16.317
[290,    19] loss: 16.316
[291,    19] loss: 16.316
[292,    19] loss: 16.316
[293,    19] loss: 16.316
[294,    19] loss: 16.316
[295,    19] loss: 16.316
[296,    19] loss: 16.316
[297,    19] loss: 16.315
[298,    19] loss: 16.315
[299,    19] loss: 16.315
[300,    19] loss: 16.315
[301,    19] loss: 16.315
[302,    19] loss: 16.315
[303,    19] loss: 16.315
[304,    19] loss: 16.315
[305,    19] loss: 16.314
[306,    19] loss: 16.315
[307,    19] loss: 16.314
[308,    19] loss: 16.314
[309,    19] loss: 16.314
[310,    19] loss: 16.314
[311,    19] loss: 16.314
[312,    19] loss: 16.314
[313,    19] loss: 16.314
[314,    19] loss: 16.313
[315,    19] loss: 16.313
[316,    19] loss: 16.314
[317,    19] loss: 16.318
[318,    19] loss: 16.314
[319,    19] loss: 16.313
[320,    19] loss: 16.313
[321,    19] loss: 16.313
[322,    19] loss: 16.313
[323,    19] loss: 16.313
[324,    19] loss: 16.313
[325,    19] loss: 16.312
[326,    19] loss: 16.312
[327,    19] loss: 16.312
[328,    19] loss: 16.312
[329,    19] loss: 16.312
[330,    19] loss: 16.312
[331,    19] loss: 16.312
[332,    19] loss: 16.312
[333,    19] loss: 16.316
[334,    19] loss: 16.316
[335,    19] loss: 16.312
[336,    19] loss: 16.311
[337,    19] loss: 16.311
[338,    19] loss: 16.311
[339,    19] loss: 16.311
[340,    19] loss: 16.311
[341,    19] loss: 16.311
[342,    19] loss: 16.311
[343,    19] loss: 16.310
[344,    19] loss: 16.310
[345,    19] loss: 16.310
[346,    19] loss: 16.311
[347,    19] loss: 16.314
[348,    19] loss: 16.316
[349,    19] loss: 16.313
[350,    19] loss: 16.310
[351,    19] loss: 16.310
[352,    19] loss: 16.310
[353,    19] loss: 16.310
[354,    19] loss: 16.310
[355,    19] loss: 16.309
[356,    19] loss: 16.309
[357,    19] loss: 16.309
[358,    19] loss: 16.309
[359,    19] loss: 16.309
[360,    19] loss: 16.309
[361,    19] loss: 16.309
[362,    19] loss: 16.308
[363,    19] loss: 16.309
[364,    19] loss: 16.311
[365,    19] loss: 16.308
[366,    19] loss: 16.309
[367,    19] loss: 16.308
[368,    19] loss: 16.308
[369,    19] loss: 16.308
[370,    19] loss: 16.308
[371,    19] loss: 16.308
[372,    19] loss: 16.307
[373,    19] loss: 16.307
[374,    19] loss: 16.307
[375,    19] loss: 16.307
[376,    19] loss: 16.307
[377,    19] loss: 16.307
[378,    19] loss: 16.307
[379,    19] loss: 16.307
[380,    19] loss: 16.307
[381,    19] loss: 16.307
[382,    19] loss: 16.310
[383,    19] loss: 16.306
[384,    19] loss: 16.306
[385,    19] loss: 16.306
[386,    19] loss: 16.306
[387,    19] loss: 16.306
[388,    19] loss: 16.306
[389,    19] loss: 16.306
[390,    19] loss: 16.305
[391,    19] loss: 16.305
[392,    19] loss: 16.305
[393,    19] loss: 16.305
[394,    19] loss: 16.305
[395,    19] loss: 16.305
[396,    19] loss: 16.305
[397,    19] loss: 16.305
[398,    19] loss: 16.305
[399,    19] loss: 16.305
[400,    19] loss: 16.305
[401,    19] loss: 16.305
[402,    19] loss: 16.305
[403,    19] loss: 16.305
[404,    19] loss: 16.304
[405,    19] loss: 16.305
[406,    19] loss: 16.304
[407,    19] loss: 16.304
[408,    19] loss: 16.304
[409,    19] loss: 16.304
[410,    19] loss: 16.304
[411,    19] loss: 16.304
[412,    19] loss: 16.304
[413,    19] loss: 16.304
[414,    19] loss: 16.304
[415,    19] loss: 16.304
[416,    19] loss: 16.304
[417,    19] loss: 16.304
[418,    19] loss: 16.304
[419,    19] loss: 16.304
[420,    19] loss: 16.304
[421,    19] loss: 16.304
[422,    19] loss: 16.304
[423,    19] loss: 16.304
[424,    19] loss: 16.304
[425,    19] loss: 16.304
[426,    19] loss: 16.304
[427,    19] loss: 16.304
[428,    19] loss: 16.304
[429,    19] loss: 16.304
[430,    19] loss: 16.304
[431,    19] loss: 16.304
[432,    19] loss: 16.304
[433,    19] loss: 16.304
[434,    19] loss: 16.304
[435,    19] loss: 16.304
[436,    19] loss: 16.304
[437,    19] loss: 16.304
[438,    19] loss: 16.304
[439,    19] loss: 16.304
[440,    19] loss: 16.304
[441,    19] loss: 16.304
[442,    19] loss: 16.304
[443,    19] loss: 16.304
[444,    19] loss: 16.304
[445,    19] loss: 16.304
[446,    19] loss: 16.305
[447,    19] loss: 16.304
[448,    19] loss: 16.304
[449,    19] loss: 16.304
[450,    19] loss: 16.304
[451,    19] loss: 16.304
[452,    19] loss: 16.304
[453,    19] loss: 16.304
[454,    19] loss: 16.304
[455,    19] loss: 16.304
[456,    19] loss: 16.304
[457,    19] loss: 16.304
[458,    19] loss: 16.304
[459,    19] loss: 16.304
[460,    19] loss: 16.304
[461,    19] loss: 16.304
[462,    19] loss: 16.304
[463,    19] loss: 16.304
[464,    19] loss: 16.304
[465,    19] loss: 16.304
[466,    19] loss: 16.304
[467,    19] loss: 16.304
[468,    19] loss: 16.304
[469,    19] loss: 16.304
[470,    19] loss: 16.304
[471,    19] loss: 16.304
[472,    19] loss: 16.304
[473,    19] loss: 16.304
[474,    19] loss: 16.304
[475,    19] loss: 16.304
[476,    19] loss: 16.303
[477,    19] loss: 16.303
[478,    19] loss: 16.303
[479,    19] loss: 16.303
[480,    19] loss: 16.303
[481,    19] loss: 16.303
[482,    19] loss: 16.303
[483,    19] loss: 16.303
[484,    19] loss: 16.303
[485,    19] loss: 16.303
[486,    19] loss: 16.303
[487,    19] loss: 16.303
[488,    19] loss: 16.303
[489,    19] loss: 16.304
[490,    19] loss: 16.304
[491,    19] loss: 16.303
[492,    19] loss: 16.304
[493,    19] loss: 16.304
[494,    19] loss: 16.303
[495,    19] loss: 16.303
[496,    19] loss: 16.303
[497,    19] loss: 16.303
[498,    19] loss: 16.303
[499,    19] loss: 16.303
[500,    19] loss: 16.303
