[1,    69] loss: 10978.681
[2,    69] loss: 5609.326
[3,    69] loss: 4961.118
[4,    69] loss: 4933.912
[5,    69] loss: 4900.846
[6,    69] loss: 4761.612
[7,    69] loss: 4271.799
[8,    69] loss: 3923.090
[9,    69] loss: 3855.431
[10,    69] loss: 3833.913
[11,    69] loss: 3819.402
[12,    69] loss: 3810.323
[13,    69] loss: 3805.362
[14,    69] loss: 3801.791
[15,    69] loss: 3795.906
[16,    69] loss: 3793.620
[17,    69] loss: 3791.401
[18,    69] loss: 3789.500
[19,    69] loss: 3788.028
[20,    69] loss: 3786.806
[21,    69] loss: 3785.552
[22,    69] loss: 3784.421
[23,    69] loss: 3783.545
[24,    69] loss: 3782.699
[25,    69] loss: 3782.000
[26,    69] loss: 3781.199
[27,    69] loss: 3780.692
[28,    69] loss: 3780.063
[29,    69] loss: 3779.342
[30,    69] loss: 3779.001
[31,    69] loss: 3778.429
[32,    69] loss: 3778.232
[33,    69] loss: 3777.571
[34,    69] loss: 3776.773
[35,    69] loss: 3776.303
[36,    69] loss: 3775.823
[37,    69] loss: 3775.322
[38,    69] loss: 3774.817
[39,    69] loss: 3774.142
[40,    69] loss: 3773.671
[41,    69] loss: 3773.102
[42,    69] loss: 3772.495
[43,    69] loss: 3772.095
[44,    69] loss: 3771.605
[45,    69] loss: 3771.289
[46,    69] loss: 3770.539
[47,    69] loss: 3770.253
[48,    69] loss: 3769.934
[49,    69] loss: 3769.203
[50,    69] loss: 3768.779
[51,    69] loss: 3768.505
[52,    69] loss: 3767.860
[53,    69] loss: 3767.191
[54,    69] loss: 3766.805
[55,    69] loss: 3766.156
[56,    69] loss: 3765.575
[57,    69] loss: 3764.890
[58,    69] loss: 3763.425
[59,    69] loss: 3762.592
[60,    69] loss: 3760.599
[61,    69] loss: 3757.666
[62,    69] loss: 3754.297
[63,    69] loss: 3749.264
[64,    69] loss: 3742.723
[65,    69] loss: 3733.911
[66,    69] loss: 3723.986
[67,    69] loss: 3711.636
[68,    69] loss: 3697.839
[69,    69] loss: 3681.221
[70,    69] loss: 3663.801
[71,    69] loss: 3645.666
[72,    69] loss: 3629.207
[73,    69] loss: 3615.511
[74,    69] loss: 3604.309
[75,    69] loss: 3597.349
[76,    69] loss: 3592.181
[77,    69] loss: 3587.657
[78,    69] loss: 3582.838
[79,    69] loss: 3578.462
[80,    69] loss: 3573.957
[81,    69] loss: 3569.909
[82,    69] loss: 3565.614
[83,    69] loss: 3562.046
[84,    69] loss: 3558.382
[85,    69] loss: 3553.957
[86,    69] loss: 3551.479
[87,    69] loss: 3545.446
[88,    69] loss: 3541.235
[89,    69] loss: 3537.551
[90,    69] loss: 3533.349
[91,    69] loss: 3529.963
[92,    69] loss: 3525.503
[93,    69] loss: 3522.414
[94,    69] loss: 3519.196
[95,    69] loss: 3515.675
[96,    69] loss: 3511.854
[97,    69] loss: 3509.168
[98,    69] loss: 3505.279
[99,    69] loss: 3500.288
[100,    69] loss: 3496.980
[101,    69] loss: 3492.765
[102,    69] loss: 3488.373
[103,    69] loss: 3482.186
[104,    69] loss: 3477.760
[105,    69] loss: 3473.008
[106,    69] loss: 3468.620
[107,    69] loss: 3464.224
[108,    69] loss: 3460.223
[109,    69] loss: 3455.722
[110,    69] loss: 3449.822
[111,    69] loss: 3441.902
[112,    69] loss: 3434.469
[113,    69] loss: 3426.652
[114,    69] loss: 3419.117
[115,    69] loss: 3410.196
[116,    69] loss: 3403.153
[117,    69] loss: 3396.884
[118,    69] loss: 3390.178
[119,    69] loss: 3379.311
[120,    69] loss: 3372.812
[121,    69] loss: 3367.041
[122,    69] loss: 3361.571
[123,    69] loss: 3356.774
[124,    69] loss: 3352.313
[125,    69] loss: 3347.239
[126,    69] loss: 3342.035
[127,    69] loss: 3338.792
[128,    69] loss: 3334.807
[129,    69] loss: 3331.229
[130,    69] loss: 3327.079
[131,    69] loss: 3316.163
[132,    69] loss: 3315.088
[133,    69] loss: 3314.543
[134,    69] loss: 3314.010
[135,    69] loss: 3313.517
[136,    69] loss: 3313.022
[137,    69] loss: 3312.513
[138,    69] loss: 3312.047
[139,    69] loss: 3311.547
[140,    69] loss: 3311.037
[141,    69] loss: 3310.552
[142,    69] loss: 3310.067
[143,    69] loss: 3309.594
[144,    69] loss: 3309.116
[145,    69] loss: 3308.630
[146,    69] loss: 3308.138
[147,    69] loss: 3307.643
[148,    69] loss: 3307.164
[149,    69] loss: 3306.645
[150,    69] loss: 3306.148
[151,    69] loss: 3305.683
[152,    69] loss: 3305.182
[153,    69] loss: 3304.689
[154,    69] loss: 3304.223
[155,    69] loss: 3303.731
[156,    69] loss: 3303.234
[157,    69] loss: 3302.743
[158,    69] loss: 3302.269
[159,    69] loss: 3301.814
[160,    69] loss: 3301.358
[161,    69] loss: 3300.897
[162,    69] loss: 3300.381
[163,    69] loss: 3299.928
[164,    69] loss: 3299.425
[165,    69] loss: 3298.957
[166,    69] loss: 3298.467
[167,    69] loss: 3298.007
[168,    69] loss: 3297.543
[169,    69] loss: 3297.070
[170,    69] loss: 3296.580
[171,    69] loss: 3296.118
[172,    69] loss: 3295.650
[173,    69] loss: 3295.176
[174,    69] loss: 3294.674
[175,    69] loss: 3294.190
[176,    69] loss: 3293.743
[177,    69] loss: 3293.287
[178,    69] loss: 3292.838
[179,    69] loss: 3292.360
[180,    69] loss: 3291.886
[181,    69] loss: 3291.417
[182,    69] loss: 3290.965
[183,    69] loss: 3290.491
[184,    69] loss: 3290.007
[185,    69] loss: 3289.517
[186,    69] loss: 3289.122
[187,    69] loss: 3288.658
[188,    69] loss: 3288.206
[189,    69] loss: 3287.798
[190,    69] loss: 3287.268
[191,    69] loss: 3286.735
[192,    69] loss: 3286.217
[193,    69] loss: 3285.805
[194,    69] loss: 3285.337
[195,    69] loss: 3284.927
[196,    69] loss: 3284.474
[197,    69] loss: 3283.975
[198,    69] loss: 3283.507
[199,    69] loss: 3283.028
[200,    69] loss: 3282.529
[201,    69] loss: 3282.066
[202,    69] loss: 3281.593
[203,    69] loss: 3281.093
[204,    69] loss: 3280.583
[205,    69] loss: 3280.044
[206,    69] loss: 3279.543
[207,    69] loss: 3278.986
[208,    69] loss: 3278.423
[209,    69] loss: 3277.851
[210,    69] loss: 3277.294
[211,    69] loss: 3276.659
[212,    69] loss: 3276.008
[213,    69] loss: 3275.338
[214,    69] loss: 3274.696
[215,    69] loss: 3274.085
[216,    69] loss: 3273.419
[217,    69] loss: 3272.781
[218,    69] loss: 3272.095
[219,    69] loss: 3271.419
[220,    69] loss: 3270.735
[221,    69] loss: 3270.064
[222,    69] loss: 3269.439
[223,    69] loss: 3268.795
[224,    69] loss: 3268.175
[225,    69] loss: 3267.588
[226,    69] loss: 3267.022
[227,    69] loss: 3266.443
[228,    69] loss: 3265.808
[229,    69] loss: 3265.255
[230,    69] loss: 3264.677
[231,    69] loss: 3264.089
[232,    69] loss: 3263.532
[233,    69] loss: 3262.958
[234,    69] loss: 3262.336
[235,    69] loss: 3261.745
[236,    69] loss: 3261.144
[237,    69] loss: 3260.510
[238,    69] loss: 3259.925
[239,    69] loss: 3259.390
[240,    69] loss: 3258.735
[241,    69] loss: 3258.187
[242,    69] loss: 3257.664
[243,    69] loss: 3257.057
[244,    69] loss: 3256.459
[245,    69] loss: 3255.894
[246,    69] loss: 3255.281
[247,    69] loss: 3254.705
[248,    69] loss: 3254.149
[249,    69] loss: 3253.588
[250,    69] loss: 3253.014
[251,    69] loss: 3252.438
[252,    69] loss: 3251.900
[253,    69] loss: 3251.370
[254,    69] loss: 3250.838
[255,    69] loss: 3250.291
[256,    69] loss: 3249.759
[257,    69] loss: 3249.218
[258,    69] loss: 3248.675
[259,    69] loss: 3248.136
[260,    69] loss: 3247.589
[261,    69] loss: 3246.055
[262,    69] loss: 3245.823
[263,    69] loss: 3245.772
[264,    69] loss: 3245.705
[265,    69] loss: 3245.633
[266,    69] loss: 3245.567
[267,    69] loss: 3245.511
[268,    69] loss: 3245.444
[269,    69] loss: 3245.385
[270,    69] loss: 3245.315
[271,    69] loss: 3245.254
[272,    69] loss: 3245.192
[273,    69] loss: 3245.133
[274,    69] loss: 3245.069
[275,    69] loss: 3245.002
[276,    69] loss: 3244.939
[277,    69] loss: 3244.877
[278,    69] loss: 3244.814
[279,    69] loss: 3244.748
[280,    69] loss: 3244.684
[281,    69] loss: 3244.617
[282,    69] loss: 3244.548
[283,    69] loss: 3244.485
[284,    69] loss: 3244.421
[285,    69] loss: 3244.353
[286,    69] loss: 3244.290
[287,    69] loss: 3244.225
[288,    69] loss: 3244.163
[289,    69] loss: 3244.096
[290,    69] loss: 3244.027
[291,    69] loss: 3243.962
[292,    69] loss: 3243.894
[293,    69] loss: 3243.831
[294,    69] loss: 3243.766
[295,    69] loss: 3243.702
[296,    69] loss: 3243.634
[297,    69] loss: 3243.567
[298,    69] loss: 3243.501
[299,    69] loss: 3243.437
[300,    69] loss: 3243.372
[301,    69] loss: 3243.305
[302,    69] loss: 3243.242
[303,    69] loss: 3243.179
[304,    69] loss: 3243.113
[305,    69] loss: 3243.044
[306,    69] loss: 3242.977
[307,    69] loss: 3242.911
[308,    69] loss: 3242.851
[309,    69] loss: 3242.789
[310,    69] loss: 3242.725
[311,    69] loss: 3242.660
[312,    69] loss: 3242.598
[313,    69] loss: 3242.532
[314,    69] loss: 3242.468
[315,    69] loss: 3242.401
[316,    69] loss: 3242.336
[317,    69] loss: 3242.272
[318,    69] loss: 3242.210
[319,    69] loss: 3242.147
[320,    69] loss: 3242.084
[321,    69] loss: 3242.021
[322,    69] loss: 3241.957
[323,    69] loss: 3241.893
[324,    69] loss: 3241.830
[325,    69] loss: 3241.768
[326,    69] loss: 3241.705
[327,    69] loss: 3241.642
[328,    69] loss: 3241.579
[329,    69] loss: 3241.514
[330,    69] loss: 3241.451
[331,    69] loss: 3241.387
[332,    69] loss: 3241.325
[333,    69] loss: 3241.265
[334,    69] loss: 3241.203
[335,    69] loss: 3241.141
[336,    69] loss: 3241.080
[337,    69] loss: 3241.018
[338,    69] loss: 3240.955
[339,    69] loss: 3240.896
[340,    69] loss: 3240.834
[341,    69] loss: 3240.773
[342,    69] loss: 3240.712
[343,    69] loss: 3240.651
[344,    69] loss: 3240.589
[345,    69] loss: 3240.528
[346,    69] loss: 3240.466
[347,    69] loss: 3240.402
[348,    69] loss: 3240.339
[349,    69] loss: 3240.279
[350,    69] loss: 3240.220
[351,    69] loss: 3240.159
[352,    69] loss: 3240.099
[353,    69] loss: 3240.038
[354,    69] loss: 3239.978
[355,    69] loss: 3239.917
[356,    69] loss: 3239.856
[357,    69] loss: 3239.794
[358,    69] loss: 3239.735
[359,    69] loss: 3239.676
[360,    69] loss: 3239.614
[361,    69] loss: 3239.551
[362,    69] loss: 3239.488
[363,    69] loss: 3239.429
[364,    69] loss: 3239.370
[365,    69] loss: 3239.310
[366,    69] loss: 3239.250
[367,    69] loss: 3239.189
[368,    69] loss: 3239.128
[369,    69] loss: 3239.068
[370,    69] loss: 3239.009
[371,    69] loss: 3238.947
[372,    69] loss: 3238.887
[373,    69] loss: 3238.826
[374,    69] loss: 3238.767
[375,    69] loss: 3238.707
[376,    69] loss: 3238.647
[377,    69] loss: 3238.587
[378,    69] loss: 3238.526
[379,    69] loss: 3238.465
[380,    69] loss: 3238.407
[381,    69] loss: 3238.350
[382,    69] loss: 3238.289
[383,    69] loss: 3238.231
[384,    69] loss: 3238.171
[385,    69] loss: 3238.114
[386,    69] loss: 3238.055
[387,    69] loss: 3237.995
[388,    69] loss: 3237.935
[389,    69] loss: 3237.878
[390,    69] loss: 3237.820
[391,    69] loss: 3237.630
[392,    69] loss: 3237.561
[393,    69] loss: 3237.551
[394,    69] loss: 3237.544
[395,    69] loss: 3237.538
[396,    69] loss: 3237.532
[397,    69] loss: 3237.525
[398,    69] loss: 3237.519
[399,    69] loss: 3237.513
[400,    69] loss: 3237.507
[401,    69] loss: 3237.501
[402,    69] loss: 3237.495
[403,    69] loss: 3237.488
[404,    69] loss: 3237.482
[405,    69] loss: 3237.476
[406,    69] loss: 3237.470
[407,    69] loss: 3237.464
[408,    69] loss: 3237.457
[409,    69] loss: 3237.451
[410,    69] loss: 3237.445
[411,    69] loss: 3237.439
[412,    69] loss: 3237.433
[413,    69] loss: 3237.426
[414,    69] loss: 3237.420
[415,    69] loss: 3237.414
[416,    69] loss: 3237.408
[417,    69] loss: 3237.402
[418,    69] loss: 3237.395
[419,    69] loss: 3237.389
[420,    69] loss: 3237.383
[421,    69] loss: 3237.377
[422,    69] loss: 3237.370
[423,    69] loss: 3237.364
[424,    69] loss: 3237.358
[425,    69] loss: 3237.352
[426,    69] loss: 3237.346
[427,    69] loss: 3237.339
[428,    69] loss: 3237.333
[429,    69] loss: 3237.327
[430,    69] loss: 3237.321
[431,    69] loss: 3237.314
[432,    69] loss: 3237.308
[433,    69] loss: 3237.302
[434,    69] loss: 3237.295
[435,    69] loss: 3237.289
[436,    69] loss: 3237.283
[437,    69] loss: 3237.277
[438,    69] loss: 3237.271
[439,    69] loss: 3237.264
[440,    69] loss: 3237.258
[441,    69] loss: 3237.252
[442,    69] loss: 3237.246
[443,    69] loss: 3237.239
[444,    69] loss: 3237.233
[445,    69] loss: 3237.227
[446,    69] loss: 3237.221
[447,    69] loss: 3237.215
[448,    69] loss: 3237.209
[449,    69] loss: 3237.202
[450,    69] loss: 3237.196
[451,    69] loss: 3237.190
[452,    69] loss: 3237.184
[453,    69] loss: 3237.177
[454,    69] loss: 3237.171
[455,    69] loss: 3237.165
[456,    69] loss: 3237.159
[457,    69] loss: 3237.153
[458,    69] loss: 3237.147
[459,    69] loss: 3237.140
[460,    69] loss: 3237.134
[461,    69] loss: 3237.128
[462,    69] loss: 3237.122
[463,    69] loss: 3237.116
[464,    69] loss: 3237.109
[465,    69] loss: 3237.103
[466,    69] loss: 3237.097
[467,    69] loss: 3237.091
[468,    69] loss: 3237.085
[469,    69] loss: 3237.078
[470,    69] loss: 3237.072
[471,    69] loss: 3237.066
[472,    69] loss: 3237.060
[473,    69] loss: 3237.053
[474,    69] loss: 3237.047
[475,    69] loss: 3237.041
[476,    69] loss: 3237.035
[477,    69] loss: 3237.029
[478,    69] loss: 3237.022
[479,    69] loss: 3237.016
[480,    69] loss: 3237.010
[481,    69] loss: 3237.004
[482,    69] loss: 3236.998
[483,    69] loss: 3236.992
[484,    69] loss: 3236.986
[485,    69] loss: 3236.979
[486,    69] loss: 3236.973
[487,    69] loss: 3236.967
[488,    69] loss: 3236.961
[489,    69] loss: 3236.955
[490,    69] loss: 3236.949
[491,    69] loss: 3236.943
[492,    69] loss: 3236.936
[493,    69] loss: 3236.930
[494,    69] loss: 3236.924
[495,    69] loss: 3236.918
[496,    69] loss: 3236.912
[497,    69] loss: 3236.906
[498,    69] loss: 3236.900
[499,    69] loss: 3236.893
[500,    69] loss: 3236.887
