[1,    19] loss: 159.662
[2,    19] loss: 146.883
[3,    19] loss: 134.597
[4,    19] loss: 122.224
[5,    19] loss: 101.467
[6,    19] loss: 54.305
[7,    19] loss: 49.905
[8,    19] loss: 49.214
[9,    19] loss: 49.162
[10,    19] loss: 49.183
[11,    19] loss: 49.190
[12,    19] loss: 49.186
[13,    19] loss: 49.177
[14,    19] loss: 49.167
[15,    19] loss: 49.156
[16,    19] loss: 49.144
[17,    19] loss: 49.134
[18,    19] loss: 49.124
[19,    19] loss: 49.115
[20,    19] loss: 49.107
[21,    19] loss: 49.100
[22,    19] loss: 49.094
[23,    19] loss: 49.088
[24,    19] loss: 49.083
[25,    19] loss: 49.078
[26,    19] loss: 49.074
[27,    19] loss: 49.069
[28,    19] loss: 49.065
[29,    19] loss: 49.062
[30,    19] loss: 49.058
[31,    19] loss: 49.054
[32,    19] loss: 49.050
[33,    19] loss: 49.047
[34,    19] loss: 49.044
[35,    19] loss: 49.041
[36,    19] loss: 49.038
[37,    19] loss: 49.035
[38,    19] loss: 49.033
[39,    19] loss: 49.030
[40,    19] loss: 49.028
[41,    19] loss: 49.026
[42,    19] loss: 49.023
[43,    19] loss: 49.021
[44,    19] loss: 49.019
[45,    19] loss: 49.017
[46,    19] loss: 49.015
[47,    19] loss: 49.013
[48,    19] loss: 49.011
[49,    19] loss: 49.010
[50,    19] loss: 49.008
[51,    19] loss: 49.006
[52,    19] loss: 49.005
[53,    19] loss: 49.003
[54,    19] loss: 49.001
[55,    19] loss: 49.000
[56,    19] loss: 48.998
[57,    19] loss: 48.996
[58,    19] loss: 48.995
[59,    19] loss: 48.993
[60,    19] loss: 48.991
[61,    19] loss: 48.989
[62,    19] loss: 48.987
[63,    19] loss: 48.984
[64,    19] loss: 48.982
[65,    19] loss: 48.980
[66,    19] loss: 48.978
[67,    19] loss: 48.976
[68,    19] loss: 48.973
[69,    19] loss: 48.971
[70,    19] loss: 48.968
[71,    19] loss: 48.966
[72,    19] loss: 48.964
[73,    19] loss: 48.961
[74,    19] loss: 48.959
[75,    19] loss: 48.956
[76,    19] loss: 48.954
[77,    19] loss: 48.951
[78,    19] loss: 48.949
[79,    19] loss: 48.946
[80,    19] loss: 48.944
[81,    19] loss: 48.941
[82,    19] loss: 48.938
[83,    19] loss: 48.935
[84,    19] loss: 48.931
[85,    19] loss: 48.928
[86,    19] loss: 48.925
[87,    19] loss: 48.922
[88,    19] loss: 48.919
[89,    19] loss: 48.916
[90,    19] loss: 48.913
[91,    19] loss: 48.910
[92,    19] loss: 48.906
[93,    19] loss: 48.903
[94,    19] loss: 48.899
[95,    19] loss: 48.896
[96,    19] loss: 48.892
[97,    19] loss: 48.888
[98,    19] loss: 48.885
[99,    19] loss: 48.880
[100,    19] loss: 48.875
[101,    19] loss: 48.840
[102,    19] loss: 49.019
[103,    19] loss: 48.856
[104,    19] loss: 48.847
[105,    19] loss: 48.853
[106,    19] loss: 48.847
[107,    19] loss: 48.840
[108,    19] loss: 48.835
[109,    19] loss: 48.830
[110,    19] loss: 48.824
[111,    19] loss: 48.819
[112,    19] loss: 48.814
[113,    19] loss: 48.808
[114,    19] loss: 48.803
[115,    19] loss: 48.797
[116,    19] loss: 48.791
[117,    19] loss: 48.785
[118,    19] loss: 48.779
[119,    19] loss: 48.773
[120,    19] loss: 48.766
[121,    19] loss: 48.760
[122,    19] loss: 48.753
[123,    19] loss: 48.746
[124,    19] loss: 48.739
[125,    19] loss: 48.732
[126,    19] loss: 48.724
[127,    19] loss: 48.716
[128,    19] loss: 48.708
[129,    19] loss: 48.699
[130,    19] loss: 48.690
[131,    19] loss: 48.643
[132,    19] loss: 48.650
[133,    19] loss: 48.644
[134,    19] loss: 48.645
[135,    19] loss: 48.643
[136,    19] loss: 48.642
[137,    19] loss: 48.641
[138,    19] loss: 48.640
[139,    19] loss: 48.639
[140,    19] loss: 48.638
[141,    19] loss: 48.637
[142,    19] loss: 48.636
[143,    19] loss: 48.635
[144,    19] loss: 48.634
[145,    19] loss: 48.633
[146,    19] loss: 48.632
[147,    19] loss: 48.631
[148,    19] loss: 48.630
[149,    19] loss: 48.629
[150,    19] loss: 48.627
[151,    19] loss: 48.626
[152,    19] loss: 48.625
[153,    19] loss: 48.624
[154,    19] loss: 48.623
[155,    19] loss: 48.622
[156,    19] loss: 48.621
[157,    19] loss: 48.619
[158,    19] loss: 48.618
[159,    19] loss: 48.617
[160,    19] loss: 48.616
[161,    19] loss: 48.615
[162,    19] loss: 48.613
[163,    19] loss: 48.612
[164,    19] loss: 48.611
[165,    19] loss: 48.610
[166,    19] loss: 48.608
[167,    19] loss: 48.607
[168,    19] loss: 48.606
[169,    19] loss: 48.604
[170,    19] loss: 48.603
[171,    19] loss: 48.602
[172,    19] loss: 48.601
[173,    19] loss: 48.599
[174,    19] loss: 48.598
[175,    19] loss: 48.597
[176,    19] loss: 48.595
[177,    19] loss: 48.594
[178,    19] loss: 48.593
[179,    19] loss: 48.591
[180,    19] loss: 48.590
[181,    19] loss: 48.589
[182,    19] loss: 48.587
[183,    19] loss: 48.586
[184,    19] loss: 48.584
[185,    19] loss: 48.583
[186,    19] loss: 48.581
[187,    19] loss: 48.580
[188,    19] loss: 48.579
[189,    19] loss: 48.577
[190,    19] loss: 48.576
[191,    19] loss: 48.574
[192,    19] loss: 48.573
[193,    19] loss: 48.571
[194,    19] loss: 48.570
[195,    19] loss: 48.568
[196,    19] loss: 48.567
[197,    19] loss: 48.565
[198,    19] loss: 48.564
[199,    19] loss: 48.562
[200,    19] loss: 48.561
[201,    19] loss: 48.559
[202,    19] loss: 48.558
[203,    19] loss: 48.556
[204,    19] loss: 48.555
[205,    19] loss: 48.553
[206,    19] loss: 48.551
[207,    19] loss: 48.550
[208,    19] loss: 48.548
[209,    19] loss: 48.547
[210,    19] loss: 48.545
[211,    19] loss: 48.543
[212,    19] loss: 48.542
[213,    19] loss: 48.540
[214,    19] loss: 48.538
[215,    19] loss: 48.537
[216,    19] loss: 48.535
[217,    19] loss: 48.533
[218,    19] loss: 48.532
[219,    19] loss: 48.530
[220,    19] loss: 48.528
[221,    19] loss: 48.527
[222,    19] loss: 48.525
[223,    19] loss: 48.523
[224,    19] loss: 48.521
[225,    19] loss: 48.520
[226,    19] loss: 48.518
[227,    19] loss: 48.516
[228,    19] loss: 48.514
[229,    19] loss: 48.513
[230,    19] loss: 48.511
[231,    19] loss: 48.509
[232,    19] loss: 48.507
[233,    19] loss: 48.505
[234,    19] loss: 48.503
[235,    19] loss: 48.502
[236,    19] loss: 48.500
[237,    19] loss: 48.498
[238,    19] loss: 48.496
[239,    19] loss: 48.494
[240,    19] loss: 48.492
[241,    19] loss: 48.490
[242,    19] loss: 48.488
[243,    19] loss: 48.486
[244,    19] loss: 48.484
[245,    19] loss: 48.482
[246,    19] loss: 48.480
[247,    19] loss: 48.478
[248,    19] loss: 48.476
[249,    19] loss: 48.474
[250,    19] loss: 48.472
[251,    19] loss: 48.469
[252,    19] loss: 48.467
[253,    19] loss: 48.465
[254,    19] loss: 48.463
[255,    19] loss: 48.461
[256,    19] loss: 48.458
[257,    19] loss: 48.456
[258,    19] loss: 48.454
[259,    19] loss: 48.451
[260,    19] loss: 48.449
[261,    19] loss: 48.435
[262,    19] loss: 48.435
[263,    19] loss: 48.435
[264,    19] loss: 48.435
[265,    19] loss: 48.434
[266,    19] loss: 48.434
[267,    19] loss: 48.434
[268,    19] loss: 48.434
[269,    19] loss: 48.433
[270,    19] loss: 48.433
[271,    19] loss: 48.433
[272,    19] loss: 48.433
[273,    19] loss: 48.432
[274,    19] loss: 48.432
[275,    19] loss: 48.432
[276,    19] loss: 48.432
[277,    19] loss: 48.432
[278,    19] loss: 48.431
[279,    19] loss: 48.431
[280,    19] loss: 48.431
[281,    19] loss: 48.431
[282,    19] loss: 48.430
[283,    19] loss: 48.430
[284,    19] loss: 48.430
[285,    19] loss: 48.430
[286,    19] loss: 48.429
[287,    19] loss: 48.429
[288,    19] loss: 48.429
[289,    19] loss: 48.429
[290,    19] loss: 48.429
[291,    19] loss: 48.428
[292,    19] loss: 48.428
[293,    19] loss: 48.428
[294,    19] loss: 48.428
[295,    19] loss: 48.427
[296,    19] loss: 48.427
[297,    19] loss: 48.427
[298,    19] loss: 48.427
[299,    19] loss: 48.426
[300,    19] loss: 48.426
[301,    19] loss: 48.426
[302,    19] loss: 48.426
[303,    19] loss: 48.425
[304,    19] loss: 48.425
[305,    19] loss: 48.425
[306,    19] loss: 48.425
[307,    19] loss: 48.425
[308,    19] loss: 48.424
[309,    19] loss: 48.424
[310,    19] loss: 48.424
[311,    19] loss: 48.424
[312,    19] loss: 48.423
[313,    19] loss: 48.423
[314,    19] loss: 48.423
[315,    19] loss: 48.423
[316,    19] loss: 48.422
[317,    19] loss: 48.422
[318,    19] loss: 48.422
[319,    19] loss: 48.422
[320,    19] loss: 48.421
[321,    19] loss: 48.421
[322,    19] loss: 48.421
[323,    19] loss: 48.421
[324,    19] loss: 48.420
[325,    19] loss: 48.420
[326,    19] loss: 48.420
[327,    19] loss: 48.420
[328,    19] loss: 48.419
[329,    19] loss: 48.419
[330,    19] loss: 48.419
[331,    19] loss: 48.419
[332,    19] loss: 48.419
[333,    19] loss: 48.418
[334,    19] loss: 48.418
[335,    19] loss: 48.418
[336,    19] loss: 48.418
[337,    19] loss: 48.417
[338,    19] loss: 48.417
[339,    19] loss: 48.417
[340,    19] loss: 48.417
[341,    19] loss: 48.416
[342,    19] loss: 48.416
[343,    19] loss: 48.416
[344,    19] loss: 48.416
[345,    19] loss: 48.415
[346,    19] loss: 48.415
[347,    19] loss: 48.415
[348,    19] loss: 48.415
[349,    19] loss: 48.414
[350,    19] loss: 48.414
[351,    19] loss: 48.414
[352,    19] loss: 48.414
[353,    19] loss: 48.413
[354,    19] loss: 48.413
[355,    19] loss: 48.413
[356,    19] loss: 48.413
[357,    19] loss: 48.412
[358,    19] loss: 48.412
[359,    19] loss: 48.412
[360,    19] loss: 48.412
[361,    19] loss: 48.412
[362,    19] loss: 48.411
[363,    19] loss: 48.411
[364,    19] loss: 48.411
[365,    19] loss: 48.411
[366,    19] loss: 48.410
[367,    19] loss: 48.410
[368,    19] loss: 48.410
[369,    19] loss: 48.410
[370,    19] loss: 48.409
[371,    19] loss: 48.409
[372,    19] loss: 48.409
[373,    19] loss: 48.409
[374,    19] loss: 48.408
[375,    19] loss: 48.408
[376,    19] loss: 48.408
[377,    19] loss: 48.408
[378,    19] loss: 48.407
[379,    19] loss: 48.407
[380,    19] loss: 48.407
[381,    19] loss: 48.407
[382,    19] loss: 48.406
[383,    19] loss: 48.406
[384,    19] loss: 48.406
[385,    19] loss: 48.406
[386,    19] loss: 48.405
[387,    19] loss: 48.405
[388,    19] loss: 48.405
[389,    19] loss: 48.405
[390,    19] loss: 48.405
[391,    19] loss: 48.403
[392,    19] loss: 48.403
[393,    19] loss: 48.403
[394,    19] loss: 48.403
[395,    19] loss: 48.403
[396,    19] loss: 48.403
[397,    19] loss: 48.403
[398,    19] loss: 48.403
[399,    19] loss: 48.403
[400,    19] loss: 48.403
[401,    19] loss: 48.403
[402,    19] loss: 48.403
[403,    19] loss: 48.403
[404,    19] loss: 48.403
[405,    19] loss: 48.403
[406,    19] loss: 48.403
[407,    19] loss: 48.403
[408,    19] loss: 48.403
[409,    19] loss: 48.403
[410,    19] loss: 48.403
[411,    19] loss: 48.403
[412,    19] loss: 48.403
[413,    19] loss: 48.403
[414,    19] loss: 48.403
[415,    19] loss: 48.403
[416,    19] loss: 48.403
[417,    19] loss: 48.403
[418,    19] loss: 48.403
[419,    19] loss: 48.403
[420,    19] loss: 48.403
[421,    19] loss: 48.403
[422,    19] loss: 48.403
[423,    19] loss: 48.403
[424,    19] loss: 48.403
[425,    19] loss: 48.403
[426,    19] loss: 48.403
[427,    19] loss: 48.403
[428,    19] loss: 48.403
[429,    19] loss: 48.403
[430,    19] loss: 48.403
[431,    19] loss: 48.402
[432,    19] loss: 48.402
[433,    19] loss: 48.402
[434,    19] loss: 48.402
[435,    19] loss: 48.402
[436,    19] loss: 48.402
[437,    19] loss: 48.402
[438,    19] loss: 48.402
[439,    19] loss: 48.402
[440,    19] loss: 48.402
[441,    19] loss: 48.402
[442,    19] loss: 48.402
[443,    19] loss: 48.402
[444,    19] loss: 48.402
[445,    19] loss: 48.402
[446,    19] loss: 48.402
[447,    19] loss: 48.402
[448,    19] loss: 48.402
[449,    19] loss: 48.402
[450,    19] loss: 48.402
[451,    19] loss: 48.402
[452,    19] loss: 48.402
[453,    19] loss: 48.402
[454,    19] loss: 48.402
[455,    19] loss: 48.402
[456,    19] loss: 48.402
[457,    19] loss: 48.402
[458,    19] loss: 48.402
[459,    19] loss: 48.402
[460,    19] loss: 48.402
[461,    19] loss: 48.402
[462,    19] loss: 48.402
[463,    19] loss: 48.402
[464,    19] loss: 48.402
[465,    19] loss: 48.402
[466,    19] loss: 48.402
[467,    19] loss: 48.402
[468,    19] loss: 48.402
[469,    19] loss: 48.402
[470,    19] loss: 48.402
[471,    19] loss: 48.402
[472,    19] loss: 48.402
[473,    19] loss: 48.401
[474,    19] loss: 48.401
[475,    19] loss: 48.401
[476,    19] loss: 48.401
[477,    19] loss: 48.401
[478,    19] loss: 48.401
[479,    19] loss: 48.401
[480,    19] loss: 48.401
[481,    19] loss: 48.401
[482,    19] loss: 48.401
[483,    19] loss: 48.401
[484,    19] loss: 48.401
[485,    19] loss: 48.401
[486,    19] loss: 48.401
[487,    19] loss: 48.401
[488,    19] loss: 48.401
[489,    19] loss: 48.401
[490,    19] loss: 48.401
[491,    19] loss: 48.401
[492,    19] loss: 48.401
[493,    19] loss: 48.401
[494,    19] loss: 48.401
[495,    19] loss: 48.401
[496,    19] loss: 48.401
[497,    19] loss: 48.401
[498,    19] loss: 48.401
[499,    19] loss: 48.401
[500,    19] loss: 48.401
