[1,    19] loss: 54.163
[2,    19] loss: 52.479
[3,    19] loss: 51.218
[4,    19] loss: 50.252
[5,    19] loss: 49.624
[6,    19] loss: 49.288
[7,    19] loss: 49.118
[8,    19] loss: 49.044
[9,    19] loss: 49.016
[10,    19] loss: 49.007
[11,    19] loss: 49.005
[12,    19] loss: 49.006
[13,    19] loss: 49.007
[14,    19] loss: 49.008
[15,    19] loss: 49.009
[16,    19] loss: 49.011
[17,    19] loss: 49.011
[18,    19] loss: 49.010
[19,    19] loss: 49.009
[20,    19] loss: 49.008
[21,    19] loss: 49.008
[22,    19] loss: 49.008
[23,    19] loss: 49.008
[24,    19] loss: 49.008
[25,    19] loss: 49.008
[26,    19] loss: 49.008
[27,    19] loss: 49.008
[28,    19] loss: 49.008
[29,    19] loss: 49.008
[30,    19] loss: 49.008
[31,    19] loss: 49.008
[32,    19] loss: 49.008
[33,    19] loss: 49.007
[34,    19] loss: 49.007
[35,    19] loss: 49.006
[36,    19] loss: 49.005
[37,    19] loss: 49.002
[38,    19] loss: 48.994
[39,    19] loss: 48.945
[40,    19] loss: 47.604
[41,    19] loss: 39.556
[42,    19] loss: 33.190
[43,    19] loss: 29.086
[44,    19] loss: 25.534
[45,    19] loss: 22.963
[46,    19] loss: 20.432
[47,    19] loss: 18.671
[48,    19] loss: 17.496
[49,    19] loss: 16.934
[50,    19] loss: 16.826
[51,    19] loss: 16.497
[52,    19] loss: 15.990
[53,    19] loss: 15.028
[54,    19] loss: 14.125
[55,    19] loss: 13.978
[56,    19] loss: 13.617
[57,    19] loss: 13.082
[58,    19] loss: 13.020
[59,    19] loss: 12.607
[60,    19] loss: 12.195
[61,    19] loss: 11.906
[62,    19] loss: 11.709
[63,    19] loss: 11.664
[64,    19] loss: 12.732
[65,    19] loss: 13.316
[66,    19] loss: 14.290
[67,    19] loss: 13.563
[68,    19] loss: 12.373
[69,    19] loss: 12.507
[70,    19] loss: 11.920
[71,    19] loss: 12.090
[72,    19] loss: 12.313
[73,    19] loss: 12.079
[74,    19] loss: 11.726
[75,    19] loss: 11.916
[76,    19] loss: 11.673
[77,    19] loss: 11.402
[78,    19] loss: 11.667
[79,    19] loss: 11.584
[80,    19] loss: 11.019
[81,    19] loss: 11.218
[82,    19] loss: 11.817
[83,    19] loss: 12.648
[84,    19] loss: 12.302
[85,    19] loss: 13.204
[86,    19] loss: 11.025
[87,    19] loss: 11.568
[88,    19] loss: 11.694
[89,    19] loss: 11.839
[90,    19] loss: 11.897
[91,    19] loss: 12.183
[92,    19] loss: 11.674
[93,    19] loss: 14.095
[94,    19] loss: 14.421
[95,    19] loss: 12.964
[96,    19] loss: 12.364
[97,    19] loss: 11.689
[98,    19] loss: 13.009
[99,    19] loss: 11.626
[100,    19] loss: 14.009
[101,    19] loss: 13.196
[102,    19] loss: 14.915
[103,    19] loss: 15.424
[104,    19] loss: 16.341
[105,    19] loss: 14.674
[106,    19] loss: 13.088
[107,    19] loss: 12.864
[108,    19] loss: 11.838
[109,    19] loss: 11.250
[110,    19] loss: 10.881
[111,    19] loss: 10.543
[112,    19] loss: 10.277
[113,    19] loss: 10.246
[114,    19] loss: 9.888
[115,    19] loss: 9.966
[116,    19] loss: 9.862
[117,    19] loss: 9.720
[118,    19] loss: 9.742
[119,    19] loss: 11.756
[120,    19] loss: 9.875
[121,    19] loss: 9.802
[122,    19] loss: 9.537
[123,    19] loss: 9.611
[124,    19] loss: 9.364
[125,    19] loss: 9.470
[126,    19] loss: 9.193
[127,    19] loss: 9.235
[128,    19] loss: 10.004
[129,    19] loss: 9.784
[130,    19] loss: 10.100
[131,    19] loss: 11.278
[132,    19] loss: 10.087
[133,    19] loss: 10.205
[134,    19] loss: 9.780
[135,    19] loss: 9.711
[136,    19] loss: 9.619
[137,    19] loss: 9.507
[138,    19] loss: 9.409
[139,    19] loss: 9.332
[140,    19] loss: 9.264
[141,    19] loss: 9.187
[142,    19] loss: 9.108
[143,    19] loss: 9.035
[144,    19] loss: 8.992
[145,    19] loss: 8.958
[146,    19] loss: 8.908
[147,    19] loss: 8.889
[148,    19] loss: 8.860
[149,    19] loss: 8.848
[150,    19] loss: 8.807
[151,    19] loss: 8.759
[152,    19] loss: 8.710
[153,    19] loss: 8.690
[154,    19] loss: 8.663
[155,    19] loss: 8.612
[156,    19] loss: 8.570
[157,    19] loss: 8.549
[158,    19] loss: 8.529
[159,    19] loss: 8.511
[160,    19] loss: 8.491
[161,    19] loss: 8.473
[162,    19] loss: 8.461
[163,    19] loss: 8.445
[164,    19] loss: 8.430
[165,    19] loss: 8.414
[166,    19] loss: 8.403
[167,    19] loss: 8.393
[168,    19] loss: 8.384
[169,    19] loss: 8.371
[170,    19] loss: 8.357
[171,    19] loss: 8.353
[172,    19] loss: 8.354
[173,    19] loss: 8.315
[174,    19] loss: 8.288
[175,    19] loss: 8.286
[176,    19] loss: 8.272
[177,    19] loss: 8.259
[178,    19] loss: 8.247
[179,    19] loss: 8.239
[180,    19] loss: 8.226
[181,    19] loss: 8.205
[182,    19] loss: 8.193
[183,    19] loss: 8.186
[184,    19] loss: 8.173
[185,    19] loss: 8.158
[186,    19] loss: 8.150
[187,    19] loss: 8.144
[188,    19] loss: 8.133
[189,    19] loss: 8.117
[190,    19] loss: 8.107
[191,    19] loss: 8.099
[192,    19] loss: 8.089
[193,    19] loss: 8.073
[194,    19] loss: 8.065
[195,    19] loss: 8.059
[196,    19] loss: 8.051
[197,    19] loss: 8.043
[198,    19] loss: 8.035
[199,    19] loss: 8.029
[200,    19] loss: 8.023
[201,    19] loss: 8.017
[202,    19] loss: 8.010
[203,    19] loss: 8.004
[204,    19] loss: 7.999
[205,    19] loss: 7.992
[206,    19] loss: 7.987
[207,    19] loss: 7.982
[208,    19] loss: 7.978
[209,    19] loss: 7.974
[210,    19] loss: 7.969
[211,    19] loss: 7.964
[212,    19] loss: 7.961
[213,    19] loss: 7.957
[214,    19] loss: 7.953
[215,    19] loss: 7.949
[216,    19] loss: 7.944
[217,    19] loss: 7.936
[218,    19] loss: 7.909
[219,    19] loss: 7.895
[220,    19] loss: 7.892
[221,    19] loss: 7.890
[222,    19] loss: 7.876
[223,    19] loss: 7.865
[224,    19] loss: 7.861
[225,    19] loss: 7.857
[226,    19] loss: 7.853
[227,    19] loss: 7.851
[228,    19] loss: 7.849
[229,    19] loss: 7.847
[230,    19] loss: 7.845
[231,    19] loss: 7.843
[232,    19] loss: 7.841
[233,    19] loss: 7.839
[234,    19] loss: 7.837
[235,    19] loss: 7.835
[236,    19] loss: 7.834
[237,    19] loss: 7.829
[238,    19] loss: 7.814
[239,    19] loss: 7.791
[240,    19] loss: 7.780
[241,    19] loss: 7.763
[242,    19] loss: 7.757
[243,    19] loss: 7.757
[244,    19] loss: 7.752
[245,    19] loss: 7.749
[246,    19] loss: 7.746
[247,    19] loss: 7.745
[248,    19] loss: 7.744
[249,    19] loss: 7.742
[250,    19] loss: 7.740
[251,    19] loss: 7.739
[252,    19] loss: 7.738
[253,    19] loss: 7.738
[254,    19] loss: 7.736
[255,    19] loss: 7.734
[256,    19] loss: 7.734
[257,    19] loss: 7.733
[258,    19] loss: 7.731
[259,    19] loss: 7.730
[260,    19] loss: 7.729
[261,    19] loss: 7.724
[262,    19] loss: 7.724
[263,    19] loss: 7.724
[264,    19] loss: 7.723
[265,    19] loss: 7.723
[266,    19] loss: 7.723
[267,    19] loss: 7.723
[268,    19] loss: 7.723
[269,    19] loss: 7.723
[270,    19] loss: 7.723
[271,    19] loss: 7.723
[272,    19] loss: 7.722
[273,    19] loss: 7.722
[274,    19] loss: 7.722
[275,    19] loss: 7.722
[276,    19] loss: 7.722
[277,    19] loss: 7.722
[278,    19] loss: 7.722
[279,    19] loss: 7.722
[280,    19] loss: 7.721
[281,    19] loss: 7.721
[282,    19] loss: 7.721
[283,    19] loss: 7.721
[284,    19] loss: 7.721
[285,    19] loss: 7.721
[286,    19] loss: 7.721
[287,    19] loss: 7.720
[288,    19] loss: 7.720
[289,    19] loss: 7.720
[290,    19] loss: 7.720
[291,    19] loss: 7.720
[292,    19] loss: 7.720
[293,    19] loss: 7.720
[294,    19] loss: 7.719
[295,    19] loss: 7.719
[296,    19] loss: 7.719
[297,    19] loss: 7.719
[298,    19] loss: 7.719
[299,    19] loss: 7.719
[300,    19] loss: 7.719
[301,    19] loss: 7.718
[302,    19] loss: 7.718
[303,    19] loss: 7.718
[304,    19] loss: 7.718
[305,    19] loss: 7.718
[306,    19] loss: 7.718
[307,    19] loss: 7.718
[308,    19] loss: 7.717
[309,    19] loss: 7.717
[310,    19] loss: 7.717
[311,    19] loss: 7.717
[312,    19] loss: 7.717
[313,    19] loss: 7.717
[314,    19] loss: 7.716
[315,    19] loss: 7.716
[316,    19] loss: 7.716
[317,    19] loss: 7.716
[318,    19] loss: 7.716
[319,    19] loss: 7.715
[320,    19] loss: 7.715
[321,    19] loss: 7.715
[322,    19] loss: 7.715
[323,    19] loss: 7.715
[324,    19] loss: 7.714
[325,    19] loss: 7.714
[326,    19] loss: 7.714
[327,    19] loss: 7.714
[328,    19] loss: 7.713
[329,    19] loss: 7.713
[330,    19] loss: 7.712
[331,    19] loss: 7.710
[332,    19] loss: 7.701
[333,    19] loss: 7.694
[334,    19] loss: 7.689
[335,    19] loss: 7.685
[336,    19] loss: 7.681
[337,    19] loss: 7.678
[338,    19] loss: 7.675
[339,    19] loss: 7.671
[340,    19] loss: 7.668
[341,    19] loss: 7.665
[342,    19] loss: 7.662
[343,    19] loss: 7.660
[344,    19] loss: 7.658
[345,    19] loss: 7.656
[346,    19] loss: 7.654
[347,    19] loss: 7.652
[348,    19] loss: 7.651
[349,    19] loss: 7.649
[350,    19] loss: 7.648
[351,    19] loss: 7.647
[352,    19] loss: 7.646
[353,    19] loss: 7.645
[354,    19] loss: 7.644
[355,    19] loss: 7.643
[356,    19] loss: 7.642
[357,    19] loss: 7.641
[358,    19] loss: 7.641
[359,    19] loss: 7.640
[360,    19] loss: 7.639
[361,    19] loss: 7.639
[362,    19] loss: 7.638
[363,    19] loss: 7.637
[364,    19] loss: 7.637
[365,    19] loss: 7.636
[366,    19] loss: 7.635
[367,    19] loss: 7.635
[368,    19] loss: 7.634
[369,    19] loss: 7.634
[370,    19] loss: 7.632
[371,    19] loss: 7.630
[372,    19] loss: 7.626
[373,    19] loss: 7.622
[374,    19] loss: 7.618
[375,    19] loss: 7.613
[376,    19] loss: 7.609
[377,    19] loss: 7.605
[378,    19] loss: 7.601
[379,    19] loss: 7.598
[380,    19] loss: 7.595
[381,    19] loss: 7.592
[382,    19] loss: 7.590
[383,    19] loss: 7.587
[384,    19] loss: 7.585
[385,    19] loss: 7.583
[386,    19] loss: 7.581
[387,    19] loss: 7.580
[388,    19] loss: 7.578
[389,    19] loss: 7.576
[390,    19] loss: 7.575
[391,    19] loss: 7.573
[392,    19] loss: 7.573
[393,    19] loss: 7.573
[394,    19] loss: 7.573
[395,    19] loss: 7.573
[396,    19] loss: 7.572
[397,    19] loss: 7.572
[398,    19] loss: 7.572
[399,    19] loss: 7.572
[400,    19] loss: 7.572
[401,    19] loss: 7.572
[402,    19] loss: 7.572
[403,    19] loss: 7.572
[404,    19] loss: 7.571
[405,    19] loss: 7.571
[406,    19] loss: 7.571
[407,    19] loss: 7.571
[408,    19] loss: 7.571
[409,    19] loss: 7.571
[410,    19] loss: 7.571
[411,    19] loss: 7.571
[412,    19] loss: 7.570
[413,    19] loss: 7.570
[414,    19] loss: 7.570
[415,    19] loss: 7.570
[416,    19] loss: 7.570
[417,    19] loss: 7.570
[418,    19] loss: 7.570
[419,    19] loss: 7.570
[420,    19] loss: 7.569
[421,    19] loss: 7.569
[422,    19] loss: 7.569
[423,    19] loss: 7.569
[424,    19] loss: 7.569
[425,    19] loss: 7.569
[426,    19] loss: 7.569
[427,    19] loss: 7.569
[428,    19] loss: 7.569
[429,    19] loss: 7.568
[430,    19] loss: 7.568
[431,    19] loss: 7.568
[432,    19] loss: 7.568
[433,    19] loss: 7.568
[434,    19] loss: 7.568
[435,    19] loss: 7.567
[436,    19] loss: 7.567
[437,    19] loss: 7.567
[438,    19] loss: 7.567
[439,    19] loss: 7.567
[440,    19] loss: 7.567
[441,    19] loss: 7.566
[442,    19] loss: 7.566
[443,    19] loss: 7.566
[444,    19] loss: 7.566
[445,    19] loss: 7.566
[446,    19] loss: 7.566
[447,    19] loss: 7.565
[448,    19] loss: 7.565
[449,    19] loss: 7.565
[450,    19] loss: 7.565
[451,    19] loss: 7.565
[452,    19] loss: 7.565
[453,    19] loss: 7.565
[454,    19] loss: 7.564
[455,    19] loss: 7.564
[456,    19] loss: 7.564
[457,    19] loss: 7.564
[458,    19] loss: 7.564
[459,    19] loss: 7.564
[460,    19] loss: 7.564
[461,    19] loss: 7.563
[462,    19] loss: 7.563
[463,    19] loss: 7.563
[464,    19] loss: 7.563
[465,    19] loss: 7.563
[466,    19] loss: 7.563
[467,    19] loss: 7.563
[468,    19] loss: 7.563
[469,    19] loss: 7.562
[470,    19] loss: 7.562
[471,    19] loss: 7.562
[472,    19] loss: 7.562
[473,    19] loss: 7.562
[474,    19] loss: 7.562
[475,    19] loss: 7.562
[476,    19] loss: 7.562
[477,    19] loss: 7.561
[478,    19] loss: 7.561
[479,    19] loss: 7.561
[480,    19] loss: 7.561
[481,    19] loss: 7.561
[482,    19] loss: 7.561
[483,    19] loss: 7.561
[484,    19] loss: 7.561
[485,    19] loss: 7.561
[486,    19] loss: 7.560
[487,    19] loss: 7.560
[488,    19] loss: 7.560
[489,    19] loss: 7.560
[490,    19] loss: 7.560
[491,    19] loss: 7.560
[492,    19] loss: 7.560
[493,    19] loss: 7.560
[494,    19] loss: 7.560
[495,    19] loss: 7.559
[496,    19] loss: 7.559
[497,    19] loss: 7.559
[498,    19] loss: 7.559
[499,    19] loss: 7.559
[500,    19] loss: 7.559
