-494673
-491350
-481737
-475951
-471061
-470698
-463445
-461190
-452062
-451416
-450854
-450412
-449069
-446903
-440542
-438230
-434760
-433631
-417044
-410264
-406908
-405363
-401874
-394926
-387362
-382067
-375168
-372858
-366615
-364546
-355035
-341838
-337503
-336423
-325494
-322040
-318982
-312247
-304807
-298701
-295228
-292367
-288546
-287985
-283493
-283381
-283084
-278264
-261910
-253653
-251066
-250479
-246491
-239624
-232404
-229892
-229522
-229045
-226068
-225217
-214171
-211459
-199966
-196270
-185023
-173027
-172696
-166135
-163510
-153942
-152541
-150706
-148542
-142152
-142082
-125517
-124077
-107389
-103085
-94559
-72100
-70177
-55475
-52909
-45560
-32568
-25989
-18298
-15102
-10818
-4157
-1703
3909
6891
16510
19361
27156
35213
44778
44993
54601
58591
58623
61248
67371
70449
76830
88097
95702
102554
112798
117870
121055
128293
128802
133309
133711
139780
155887
157656
159515
170636
182174
182731
194856
201540
202088
203114
206311
206656
207397
213813
214610
217624
219950
221602
234259
234604
235611
242722
244186
248324
250156
251903
252892
260217
266667
268194
268706
270743
275142
277188
297487
303029
307565
311084
312086
317534
320399
320612
327547
327648
328134
328813
334680
337020
341203
342121
345046
346663
369656
375155
376616
385510
389083
412917
416576
420554
426835
432929
441617
446890
451592
456057
464324
465515
465698
468151
468453
480608
482008
483576
498211
499083
