-499492
-495594
-493775
-492595
-492137
-491570
-490708
-490251
-485882
-485637
-478742
-468387
-460407
-452606
-450226
-443315
-437919
-435894
-435049
-434261
-432563
-432024
-429647
-428379
-427192
-426375
-425893
-418157
-416837
-415347
-411888
-409974
-409076
-408796
-407483
-406954
-405904
-403672
-398821
-397226
-395554
-393043
-391763
-383652
-380977
-378040
-376943
-375768
-372672
-371999
-369488
-368985
-368804
-364964
-364586
-361942
-359525
-358134
-357881
-353283
-352232
-349228
-340331
-333749
-325872
-320824
-320688
-318455
-315769
-313770
-309264
-308013
-306971
-305039
-299432
-297205
-295772
-290367
-288526
-286587
-283915
-282218
-279415
-273686
-271866
-269136
-268525
-267797
-265598
-263406
-262472
-261528
-258597
-258596
-255334
-252246
-251690
-250883
-247596
-246791
-243410
-240770
-240500
-238603
-238169
-238056
-236016
-227965
-223412
-222687
-221103
-217150
-216117
-214939
-214343
-214015
-211255
-207877
-205063
-199609
-194267
-181692
-181299
-177606
-168984
-167632
-167213
-164009
-163958
-162816
-145240
-144435
-142793
-138452
-135205
-131315
-130630
-126514
-123465
-122766
-122067
-121124
-119430
-114597
-113862
-113520
-112552
-111829
-107696
-107504
-100234
-98796
-85429
-80922
-79153
-76329
-76222
-75785
-75095
-74476
-71704
-70234
-70095
-69515
-68256
-65247
-65090
-59704
-59240
-51119
-48326
-47301
-46686
-46337
-45432
-40827
-39005
-37501
-31481
-27199
-26839
-26175
-24683
-23533
-21736
-14146
-11786
-9625
-9095
-8270
-7839
-5583
-2386
-748
-297
604
733
2113
10436
12226
19290
24632
26314
32794
35806
41365
44139
48238
52034
53882
54208
56212
58584
58877
61826
65522
65730
68714
69417
70323
77309
78095
81984
83623
87789
88281
88418
90191
91699
96088
96408
100525
104334
105820
107569
110478
110676
111146
111880
117093
122629
123434
125369
125688
129577
129978
130144
131750
133794
136134
140210
141897
145145
145611
150957
151528
158590
159442
159665
164367
164801
165730
166884
170653
171643
172899
177030
177654
178205
184465
186585
193275
201940
208277
208806
210654
211456
213379
216234
228800
232804
234227
236880
240011
241096
246142
251732
254228
258519
265383
267254
267977
274339
275035
278823
279686
282274
286193
289945
296354
302975
303713
303889
312307
312448
316997
317278
318336
319087
319448
319660
329023
329474
331671
335260
335688
342329
343485
343621
344580
345025
348474
349452
351328
354845
355021
360924
365897
366596
370094
374633
375686
376543
381652
384278
387020
390248
391420
396017
397053
404711
405865
409420
409484
412320
417530
420041
420579
435308
438151
442134
444004
446811
447772
449153
455467
459487
460621
462152
463869
463891
466701
471738
474628
478077
481189
481684
482369
495918
499084
