-499521
-490776
-488603
-486313
-470937
-467363
-466217
-437944
-415636
-411347
-405797
-400507
-397662
-390015
-383046
-372803
-370457
-361065
-349824
-342495
-332043
-329310
-329059
-326274
-308966
-300447
-295650
-280000
-279858
-279846
-272494
-271806
-262254
-258845
-246856
-245252
-228709
-222874
-212595
-211977
-209357
-197395
-179572
-176877
-175441
-137502
-136600
-125409
-120036
-119676
-105139
-100816
-83075
-72029
-68541
-64567
-62431
-58120
-50137
-46210
-42568
-32929
-23844
-22914
-6413
-5780
-2392
16185
17345
24958
30760
31899
36693
52130
59377
69069
90656
131852
135567
137893
140227
142888
144906
151126
176513
180706
183836
189657
199619
200670
202877
206917
213212
213219
218798
220421
226661
228861
240370
242766
256276
258693
259769
280178
285769
286319
288128
297609
327352
333179
336697
347365
348710
349638
351015
352066
354938
361587
368619
372142
372614
375633
387086
412847
414369
417583
425234
431859
435823
443719
453196
456354
460105
460187
460974
464209
481540
489994
494019
496720
