-497575
-497419
-492948
-488905
-480470
-479210
-468775
-448717
-442099
-434241
-431562
-413377
-408702
-404672
-377314
-375703
-356921
-355101
-314510
-299178
-299160
-290598
-288287
-279939
-279310
-275471
-267127
-262102
-257629
-257586
-252891
-249770
-247091
-233204
-222182
-220630
-217716
-216933
-210103
-201534
-195404
-191796
-189549
-188001
-177086
-173140
-172782
-172348
-170695
-165527
-155861
-151459
-132391
-131766
-115784
-105733
-89425
-87608
-86971
-66634
-57189
-54336
-36114
-19077
-2985
3614
9107
9388
18841
26147
29010
34908
36828
49504
56558
61637
63135
68284
73892
80976
93077
98943
106868
107029
112637
123831
132217
136581
142220
171574
188196
194979
196189
204868
218272
221613
242663
245662
247804
253117
256265
261735
263813
274356
285734
298948
305705
327654
336880
343146
344001
378174
378559
378787
391751
398808
399852
412770
416205
424706
439753
441813
442004
449545
460920
469376
471061
474569
478388
480127
483394
488723
490830
499479
