-499960
-499484
-498360
-496589
-495848
-495351
-494346
-493439
-491507
-489586
-489162
-485948
-483974
-483677
-483500
-482513
-481628
-480131
-478948
-478919
-478558
-478172
-477699
-477563
-475052
-474190
-474171
-471332
-470639
-469789
-467733
-467065
-465920
-464798
-464724
-463560
-463548
-463057
-462751
-462545
-461676
-461339
-459716
-459509
-459329
-459249
-458340
-457999
-457250
-456621
-456202
-456151
-455107
-455089
-453471
-452987
-451651
-449576
-449477
-447585
-447136
-444637
-443238
-442566
-442024
-442020
-440504
-440050
-438449
-437607
-436860
-436210
-435960
-435704
-434525
-433978
-433248
-432862
-432751
-431700
-431655
-430851
-430239
-427391
-427388
-424982
-424898
-424841
-424706
-424112
-423608
-423071
-422190
-421382
-421209
-417331
-416742
-415626
-413350
-411913
-411901
-408758
-408153
-406853
-406649
-406584
-405734
-405076
-404480
-404132
-403700
-403194
-403070
-401849
-400473
-399096
-399065
-397603
-394928
-394218
-393887
-393590
-393433
-392848
-392470
-391725
-389962
-388310
-388203
-385381
-385278
-385265
-384898
-384555
-384534
-383868
-383833
-383327
-383324
-383234
-382434
-382047
-381950
-381349
-380590
-380221
-379760
-378896
-377673
-377185
-376528
-375954
-373226
-372488
-371750
-371484
-371285
-369318
-368584
-367716
-367641
-366796
-366396
-364783
-363881
-363007
-362905
-361779
-361751
-361536
-361127
-359913
-359480
-358710
-356541
-354356
-353961
-353786
-350016
-349938
-349891
-348220
-348089
-345509
-344309
-344139
-344001
-341192
-340527
-337636
-337201
-336400
-336116
-335693
-335283
-334971
-334964
-334782
-333689
-333580
-331012
-330798
-330792
-329839
-329810
-329491
-329189
-329098
-328965
-327309
-327163
-327085
-324824
-324684
-324585
-324250
-322963
-320296
-319355
-318824
-316082
-315369
-315237
-315047
-314368
-313091
-311989
-309987
-308499
-307221
-306974
-305818
-305679
-303637
-302015
-301478
-301324
-301254
-299488
-294704
-293110
-292660
-292122
-289724
-289188
-287831
-287719
-286928
-286708
-286653
-285737
-283514
-282811
-282440
-280766
-280707
-280677
-279720
-278076
-277574
-275665
-274715
-274505
-272261
-271950
-271535
-270890
-270695
-269869
-269660
-267518
-265767
-264964
-264414
-263530
-263396
-263065
-261525
-261280
-260176
-260060
-258876
-258635
-257706
-256880
-256790
-255983
-255842
-253440
-252633
-252549
-252448
-251761
-250824
-250724
-250029
-249222
-247741
-246903
-246874
-245923
-243812
-243259
-242588
-242295
-239823
-237716
-237702
-234900
-234850
-234732
-233720
-232811
-232768
-232742
-230118
-228788
-227665
-225971
-225667
-225617
-224968
-224324
-223513
-222312
-220670
-220087
-218135
-216232
-215333
-214125
-212327
-211119
-210708
-209962
-209809
-208124
-207843
-206696
-206179
-204567
-203455
-202831
-200862
-200412
-200000
-199223
-198481
-196691
-195714
-195565
-192780
-190805
-189178
-188206
-187985
-187786
-187319
-186328
-186143
-185418
-185403
-184804
-184113
-183793
-181791
-179580
-178809
-178696
-176654
-175947
-175914
-175373
-175131
-174587
-173070
-172760
-171729
-171520
-170085
-168962
-167585
-166924
-165264
-164339
-163321
-162622
-160442
-160111
-158554
-158526
-157988
-157672
-157193
-157067
-156812
-155810
-154880
-154747
-154237
-154178
-154122
-153738
-153441
-152366
-151743
-151662
-150738
-150619
-148797
-147533
-145876
-144598
-142849
-142799
-142395
-141018
-139552
-138408
-137978
-137734
-134342
-133858
-133458
-130875
-130359
-130036
-127204
-126827
-125412
-125144
-124869
-123419
-122776
-122148
-119874
-119416
-119375
-118096
-117290
-117103
-116308
-116154
-113775
-112093
-111410
-109760
-108359
-107904
-106811
-105613
-105177
-104039
-100170
-99508
-99350
-99240
-97622
-97604
-95486
-94849
-94394
-93939
-93541
-92899
-92848
-91404
-90832
-90389
-89902
-89410
-87615
-86283
-85229
-85083
-84803
-83999
-83731
-83002
-81820
-81276
-80857
-78760
-78001
-75970
-73224
-73046
-73031
-72352
-71852
-71295
-69757
-69496
-69435
-65506
-65097
-64293
-64082
-63092
-62231
-61972
-60741
-58045
-57712
-56416
-56319
-55945
-55435
-53996
-53208
-51294
-48305
-48242
-47725
-47513
-44278
-42473
-42275
-41840
-41077
-39556
-38787
-38636
-36529
-36451
-35684
-32375
-31881
-31514
-30721
-30251
-29324
-27265
-27181
-26863
-25831
-24498
-24143
-23912
-23172
-20204
-19344
-19101
-18653
-16783
-16644
-12620
-10529
-7886
-6701
-4612
-4395
-4294
-3578
-2878
-2788
-2454
-2253
-1388
-1196
-568
-133
-95
3786
4845
5068
5181
5811
6427
8196
9647
10041
11223
13012
13021
18512
18549
18695
19155
20408
20497
20748
22338
22664
23510
23636
25090
26018
26501
26715
28298
29146
29424
29674
30850
31350
31482
32889
34014
34268
34436
35240
38121
38244
39194
39361
39701
40176
41296
43146
43215
43405
44175
44739
45564
46244
49389
51304
51342
52938
53917
54077
55249
55423
55791
56240
57145
58652
59752
59934
60420
60509
61952
62328
62382
65073
66433
66518
66532
67273
67938
68072
69694
69729
70066
70824
71830
72337
73012
75567
75670
75747
76385
76603
76809
79012
79197
79704
80315
81676
83082
83393
85994
88229
88609
90981
91064
91319
91606
91787
91817
91948
94052
94669
95645
96202
96659
100047
101856
102001
102949
103930
104298
104697
107838
109428
109493
110342
110417
110473
110536
111428
112386
112701
113178
113915
114154
114813
118043
119234
122319
122949
123597
124220
125152
126186
126300
127332
127557
127806
128088
130812
131179
132583
133410
134022
134214
135139
135479
135514
136344
137645
137840
137923
138978
139126
139223
139914
144393
148777
149425
149448
152001
153879
155638
156598
156844
157761
160551
160667
161845
162156
162676
162860
163700
163886
164279
165304
166339
166833
166844
166961
167138
167369
167850
169279
172176
173049
174434
175034
175601
175795
176720
177295
177563
178391
179899
181104
183312
183643
184026
184122
184130
184439
184915
185189
187068
188298
188862
189251
190857
191016
192906
193056
194348
195852
197404
198126
199598
200107
200124
200353
201352
202032
202736
205185
205770
206869
207579
207677
207900
209141
209917
211013
211611
211942
213015
215043
215083
216441
217059
218678
219544
220401
221189
221722
222908
226855
227063
229581
230141
230319
230886
231024
231706
234226
234516
234536
236049
237754
238925
238951
239586
240147
240994
241971
242137
243076
243407
245612
246230
246241
246955
249407
249479
249692
251623
253474
253612
253916
254413
255341
255797
256574
258449
258657
260739
262589
262599
263110
263139
263890
263996
264130
264510
264711
264985
265272
265325
265401
265841
268084
268192
268453
268910
269730
270043
271456
272192
272199
273478
273673
274916
274920
275598
275764
275949
276803
277793
279542
280270
280571
281710
285326
285740
286914
286953
287477
287480
287780
287994
288042
288139
288563
289246
290319
291462
291474
291554
291727
292196
292499
295204
295410
296186
297233
297940
299412
300243
300689
301159
302433
303762
307485
307607
307636
308654
311093
311738
312761
312859
314002
314430
314490
315463
316291
316569
319267
319987
320908
321321
324688
324857
325255
325269
326220
326423
327135
328588
328918
330388
331728
333692
334913
335015
336001
336138
337353
337682
338299
340048
340130
340529
340818
341253
346095
346816
347790
348334
350952
351541
352666
352743
354632
356347
360631
361184
361321
361919
362026
364563
365267
365290
366178
366371
369864
370061
370072
370483
370485
370674
372067
372273
373968
374849
375722
376093
376123
377508
377577
377621
378273
378444
379444
380305
380697
380735
381366
382054
382489
383546
383590
385723
386629
387436
390516
390590
393720
394200
397836
397862
398942
399652
400461
400941
401105
402246
403969
405267
405615
405763
406917
407239
408381
408443
411061
411465
412311
412432
412789
413727
413973
414306
414512
415504
415639
416394
416976
417538
418434
418524
419073
419186
422983
423998
424386
424425
425403
425525
425669
425718
427784
428306
428401
429957
430608
430730
431462
431628
432702
432714
432970
434140
434616
435911
436194
437201
437493
437793
437942
438126
440513
440518
440616
440818
441333
443990
444406
444756
445153
447161
447468
447521
448558
448717
451453
452803
452957
455285
456438
459390
459903
462736
463257
463259
463493
465350
467370
468729
470917
470955
472230
473474
476108
476154
476562
477805
478663
479020
481794
483258
483550
483589
484108
485294
485712
485929
487375
487514
487854
488114
488359
488560
490733
491263
491972
492118
492537
492900
494297
494372
495118
495128
495299
497685
498148
498891
