-498049
-496283
-495756
-495746
-493170
-488335
-483781
-481159
-480181
-479582
-476750
-469932
-466259
-466198
-464601
-464209
-459806
-456718
-456115
-451919
-449085
-439227
-436497
-434993
-431165
-424966
-423917
-422050
-421361
-420913
-417930
-417688
-416038
-415759
-413294
-412628
-409345
-408859
-407705
-405479
-404413
-400027
-397271
-394030
-392199
-386268
-384419
-382595
-379255
-379130
-377238
-370654
-369511
-369133
-367887
-367367
-366720
-365349
-363992
-361908
-361267
-357558
-353522
-352934
-347000
-344595
-337857
-334403
-333120
-332411
-331362
-330377
-330210
-328999
-327296
-326941
-324882
-324021
-321305
-319830
-319300
-314724
-314542
-311839
-311137
-310969
-308777
-306314
-305992
-305373
-303005
-301428
-300959
-299842
-297213
-295657
-295411
-287762
-287320
-286392
-285061
-283703
-280183
-276592
-274208
-273691
-273439
-270706
-268023
-264668
-264624
-260099
-259481
-257556
-257032
-251334
-250953
-250536
-250120
-248853
-246331
-245700
-244538
-244492
-240594
-239093
-235394
-235037
-231018
-229660
-217550
-217365
-215268
-214803
-213984
-212410
-210001
-209494
-209228
-207275
-205181
-204853
-203157
-202502
-201723
-200118
-199513
-190778
-190716
-187099
-179152
-177135
-176502
-176265
-175707
-165474
-164780
-162835
-160437
-159088
-158815
-153677
-153345
-153289
-143450
-143207
-132746
-128421
-126605
-125426
-119984
-117231
-113989
-113983
-113465
-111630
-111298
-107758
-105900
-102189
-100843
-98830
-91543
-89566
-89013
-87537
-87416
-75315
-74270
-74030
-73484
-69779
-68091
-67562
-67317
-66952
-63866
-61722
-61454
-59002
-58767
-57578
-56793
-54669
-52132
-50016
-47486
-46627
-45532
-44280
-38843
-38656
-38369
-35422
-33918
-29239
-29098
-29094
-27750
-26198
-22640
-21947
-20812
-20448
-12234
-11273
-10737
-2344
691
4196
4287
6360
6364
6478
13993
15616
16175
18422
23331
23544
26588
27579
32731
33061
33406
34812
37266
38582
41382
42030
42041
43391
44097
44887
54050
56705
56849
58593
59573
59794
60130
64040
66037
69294
70094
70957
75811
76334
80584
81826
82101
84833
85651
93085
97107
98143
100826
110491
114867
117347
117439
120394
123186
124614
125382
127109
129436
132588
133263
134071
140848
145099
145494
145910
146539
148691
150452
153882
157211
157599
158195
167659
168408
175739
177603
179094
179448
180171
180646
185004
185127
185687
187789
187827
188418
188985
189440
193459
193687
195909
199509
200165
206471
207492
207798
208872
211804
212441
212604
226212
227534
228987
229358
231064
231604
233341
234119
241386
241749
241842
243084
244659
245280
249527
252678
261555
265877
266177
266582
268336
271167
272836
277083
279169
279539
282719
288412
295247
300465
302304
304003
306948
307803
308539
309293
310462
310852
310951
311639
311919
313850
315449
318433
318492
322099
322550
326690
328703
329445
330743
333543
334609
334611
335103
336609
336901
337535
341775
343810
344445
348730
349022
350044
352342
354672
359161
360201
364557
366875
373155
373283
378571
380897
382508
386194
388901
389194
392534
400110
400230
402019
402593
405271
407477
407958
408672
408723
411934
412349
416820
420052
420777
423996
426691
430635
430827
431583
435998
436445
436566
437639
445603
446477
449303
450987
451151
451901
452212
455810
456053
460583
461194
463197
472061
472277
478702
479957
480323
481327
484007
484068
484235
485083
488074
488872
492015
492152
496689
