-499332
-498694
-497843
-496958
-496868
-496456
-495731
-495044
-494522
-494469
-494342
-493987
-492559
-491962
-491924
-491878
-491671
-490743
-489695
-489608
-489462
-488661
-487173
-487005
-486931
-485894
-485832
-485766
-485376
-485126
-485118
-484602
-483476
-483282
-483258
-482514
-482405
-482037
-482007
-481758
-481495
-481341
-481206
-481171
-481119
-480936
-480765
-480748
-480735
-480019
-479931
-479675
-479466
-479247
-479200
-478608
-478383
-478276
-477410
-477264
-475881
-475711
-475472
-475463
-475259
-474665
-474052
-473966
-473817
-473364
-473322
-473290
-472755
-472726
-472668
-471959
-471503
-471479
-471444
-471176
-470591
-470539
-470487
-470396
-470367
-470046
-469672
-469376
-469126
-469027
-468594
-468477
-468433
-468063
-468046
-468015
-467005
-466496
-466431
-466289
-465671
-465188
-465013
-464900
-464720
-464543
-463969
-463610
-462305
-461337
-461321
-461193
-461108
-460803
-460629
-460363
-460085
-460057
-459922
-459713
-459456
-459449
-459070
-458803
-458722
-458557
-458281
-457861
-457463
-457395
-456376
-456255
-456241
-456108
-455796
-455611
-454937
-454799
-454631
-454502
-453459
-453417
-453085
-453038
-452892
-452770
-452477
-452150
-452096
-451700
-451578
-451377
-451375
-451341
-450855
-450664
-450277
-450227
-449682
-449603
-449502
-449402
-449081
-448360
-448148
-447434
-447413
-447148
-447067
-447038
-446988
-446974
-446950
-446456
-446402
-445446
-445275
-445157
-445129
-444954
-444183
-443558
-442925
-441950
-441534
-441470
-441450
-441246
-441041
-440916
-440373
-440322
-439964
-439664
-439496
-438946
-438579
-438105
-437831
-437759
-437556
-437494
-437354
-437195
-437114
-436921
-436725
-436350
-436299
-435889
-435709
-435627
-435248
-434842
-434750
-434108
-432797
-432780
-432271
-432260
-431146
-430942
-430797
-430666
-429272
-428352
-427699
-427569
-426724
-426426
-426324
-426256
-425584
-424464
-424327
-424005
-423958
-423780
-423775
-423560
-422367
-422281
-422102
-421607
-421423
-421409
-421395
-420872
-420784
-420770
-420710
-420218
-419552
-419440
-419285
-419062
-419054
-419011
-418889
-418633
-418316
-418124
-418089
-417669
-417499
-417192
-416704
-416595
-415846
-415427
-415127
-415069
-415042
-414171
-412152
-412103
-412023
-411914
-411657
-409694
-409670
-408726
-408670
-407085
-407061
-406823
-406346
-406146
-406031
-405568
-405300
-405280
-405182
-405176
-404668
-403959
-403799
-403469
-403382
-403332
-402641
-402451
-402118
-401963
-401682
-401661
-400536
-400489
-400462
-399819
-399532
-399019
-398537
-398175
-398076
-397793
-397666
-397456
-397170
-397023
-396317
-395996
-395927
-395683
-395465
-395314
-395081
-394970
-394955
-394279
-394276
-393918
-393778
-393212
-393204
-392731
-392241
-392069
-391734
-391678
-391658
-391511
-391491
-391474
-391369
-391113
-390704
-390548
-390389
-389802
-389628
-389425
-388829
-388619
-388615
-387705
-387488
-387424
-386999
-386813
-386497
-384836
-384050
-384039
-383679
-383335
-383109
-383026
-382977
-382516
-382442
-382413
-382293
-382029
-381929
-381756
-381684
-381680
-381543
-381000
-380885
-380827
-380613
-380066
-379871
-379059
-379023
-378567
-378471
-378446
-378091
-377956
-377949
-377760
-377239
-377103
-377074
-376990
-376917
-376319
-376158
-376084
-376057
-375859
-375793
-375735
-375299
-375149
-375106
-374611
-374332
-373584
-373565
-373405
-373358
-373355
-373323
-373237
-372772
-372730
-372620
-372609
-372432
-372266
-372114
-372059
-371755
-371431
-371289
-371150
-370992
-370598
-370566
-370226
-370213
-370078
-369379
-369322
-368648
-368581
-368417
-368335
-368143
-367801
-367663
-367355
-367043
-366935
-365196
-364665
-364609
-364367
-364172
-364008
-363983
-363236
-362918
-362859
-362672
-362074
-362052
-361960
-361893
-361805
-361078
-361061
-361025
-361021
-360889
-360689
-359993
-359967
-359895
-359712
-359400
-359198
-358975
-358941
-358684
-358471
-358443
-358368
-358157
-357742
-357244
-356610
-355650
-355401
-355330
-355241
-355166
-354766
-354502
-354281
-353639
-353576
-353461
-353297
-353016
-351822
-351708
-351614
-351043
-350722
-349542
-349520
-349445
-348730
-348572
-347869
-347798
-347493
-347466
-346790
-346316
-346257
-345741
-345721
-345682
-345164
-343918
-343826
-343730
-343622
-343526
-343426
-343383
-343248
-342871
-342709
-342483
-342117
-341961
-341926
-341693
-341299
-341046
-340998
-340549
-340298
-339513
-338990
-338963
-338953
-338931
-338920
-338707
-338256
-338128
-337982
-337703
-336713
-336560
-336385
-335827
-335614
-334910
-334766
-334270
-334199
-334146
-334132
-334076
-333745
-333646
-333624
-333613
-333600
-333488
-333390
-333134
-332407
-331996
-331564
-331514
-331212
-330940
-330456
-330082
-329465
-329425
-329359
-329154
-328947
-328398
-328148
-327969
-327320
-327270
-327086
-326692
-326181
-325380
-325331
-324995
-324872
-324843
-324783
-324546
-324137
-323330
-322888
-322761
-322595
-321263
-320788
-320750
-320305
-319490
-319184
-319162
-319155
-318986
-318933
-317839
-315999
-315773
-315315
-315077
-314891
-314814
-314359
-314320
-314255
-313921
-313662
-313285
-312836
-311969
-311945
-311897
-311795
-311444
-310999
-310976
-310862
-310857
-309799
-309790
-309601
-308911
-308864
-308709
-308650
-308536
-308497
-307649
-307595
-307388
-306611
-306397
-306197
-305506
-305386
-304765
-304567
-304330
-304226
-304112
-303570
-303359
-303222
-302976
-302913
-302582
-302542
-302426
-301870
-301763
-301664
-300838
-300828
-300583
-300349
-300182
-299974
-299715
-299253
-299065
-298745
-298140
-297677
-296678
-296584
-296474
-296392
-296084
-295857
-295712
-295398
-295291
-295246
-295189
-295043
-294413
-294025
-293972
-293779
-293296
-293201
-293055
-292918
-292087
-291934
-291848
-291368
-291267
-290796
-290653
-290645
-290214
-289908
-289006
-287893
-287728
-287700
-287672
-287671
-287263
-287249
-287063
-286541
-286183
-285842
-285497
-285424
-285141
-285075
-285054
-284993
-284963
-284767
-284701
-284127
-283735
-283710
-282881
-282845
-282614
-282378
-282171
-281422
-281398
-281343
-281164
-280652
-280438
-280432
-280251
-280168
-280152
-279890
-279813
-279669
-279212
-279055
-278988
-278553
-277607
-277593
-277470
-277247
-276988
-276535
-276485
-276394
-275821
-275724
-275397
-275354
-275065
-274997
-274958
-274689
-274471
-274308
-274165
-273949
-273530
-273499
-273411
-273200
-272340
-271954
-271219
-270476
-270110
-269746
-269671
-269656
-268898
-268877
-268793
-268409
-268369
-268264
-267470
-267258
-266949
-266825
-266712
-266549
-265805
-265550
-265506
-265472
-265255
-265160
-264925
-264924
-262373
-261538
-261489
-261405
-261293
-260802
-260732
-260718
-260363
-259933
-259740
-259680
-259674
-259250
-259202
-258730
-258534
-258415
-258318
-258269
-258236
-258058
-257989
-257930
-257479
-256839
-256707
-256361
-256212
-255338
-255155
-254949
-254549
-253760
-253597
-253585
-253356
-253257
-252915
-252908
-252795
-252776
-252727
-252264
-252224
-252087
-251492
-251430
-250721
-250712
-250597
-250469
-250111
-250049
-249387
-248182
-247945
-247671
-247231
-246218
-245610
-245401
-245120
-244142
-244031
-243959
-243760
-243511
-242216
-242185
-241745
-241355
-241273
-240795
-240784
-240217
-240144
-240057
-240040
-239887
-239668
-239579
-239163
-239114
-238838
-238595
-238512
-237662
-237607
-237409
-237289
-237064
-236637
-236482
-236127
-235732
-235730
-235720
-235312
-234761
-234393
-234230
-233675
-233094
-232767
-232353
-232134
-232092
-231844
-231761
-231450
-230807
-230666
-230648
-230496
-230280
-230227
-229889
-229357
-229315
-228789
-228694
-228572
-228339
-228249
-228227
-228156
-227974
-227815
-227503
-227459
-226418
-226367
-226150
-226044
-225711
-225363
-225143
-224963
-224702
-224683
-224349
-224155
-224108
-224088
-224031
-223780
-223630
-223228
-223128
-222853
-222621
-222411
-222373
-222052
-221747
-221688
-221577
-221547
-221504
-221476
-220957
-220608
-220607
-220264
-220028
-219855
-219614
-219413
-219361
-219238
-218884
-218853
-218467
-218157
-218110
-217768
-217375
-216929
-216402
-216323
-216217
-216089
-215666
-215641
-215320
-215311
-214648
-213922
-213530
-213205
-212769
-212751
-212035
-211644
-211517
-210853
-210784
-210372
-209912
-209698
-209309
-208120
-208090
-208060
-207787
-206543
-205820
-205545
-205365
-205107
-204936
-204522
-203921
-203911
-203837
-203702
-203532
-203387
-203275
-203043
-202235
-202153
-201851
-201785
-201051
-200849
-200690
-200562
-200516
-200460
-200016
-199975
-199804
-199632
-199561
-199421
-199200
-199100
-198293
-198162
-198013
-197910
-197532
-197117
-196963
-196835
-196532
-195853
-195757
-195547
-195175
-195050
-194956
-194556
-194184
-193723
-193629
-192776
-192585
-192474
-192386
-192279
-191508
-191501
-191496
-191177
-190695
-190402
-190305
-190159
-188948
-187990
-187543
-187466
-187292
-187167
-187023
-185785
-185731
-185709
-185687
-185423
-185366
-185264
-185017
-184631
-184595
-184401
-184338
-184245
-183892
-182839
-182619
-182606
-182447
-182094
-181475
-181409
-181086
-180793
-179954
-179767
-179674
-179030
-178944
-177997
-177637
-177212
-175241
-174937
-174562
-174152
-173839
-173778
-173685
-173655
-173638
-173295
-172551
-172115
-172065
-171337
-169997
-169878
-169737
-169623
-169474
-169298
-169145
-169101
-168929
-168875
-168840
-168574
-168290
-168103
-167908
-167883
-167699
-167634
-167603
-167601
-167440
-167300
-167228
-167062
-166883
-166766
-165975
-165694
-165691
-165601
-164879
-164663
-163918
-163888
-163744
-163388
-163190
-162924
-162496
-161436
-161344
-161096
-160840
-160097
-160071
-160036
-160021
-159730
-159707
-159692
-159609
-159500
-159258
-159201
-157906
-157688
-157496
-157485
-157407
-157135
-157096
-157007
-156995
-156841
-156303
-156010
-155987
-155874
-155783
-155566
-155225
-155146
-154511
-154441
-154323
-154187
-154005
-153712
-153450
-153253
-153204
-152623
-152363
-152168
-151782
-151746
-151615
-151350
-150247
-150210
-149978
-149605
-148721
-148665
-148577
-148104
-147454
-147191
-146804
-146785
-146768
-146126
-145776
-145403
-145205
-145000
-144254
-144128
-143997
-143719
-143602
-143090
-142697
-142688
-142660
-142259
-141730
-141497
-140776
-140064
-140031
-139351
-139325
-139310
-139281
-138612
-137650
-136909
-136906
-136896
-136151
-135866
-135693
-135479
-135300
-135234
-135088
-134699
-134232
-134163
-133629
-133164
-132865
-132492
-132373
-131630
-131458
-131248
-131178
-130344
-130325
-130153
-130011
-129637
-129549
-129363
-129076
-128968
-128630
-127731
-127603
-127536
-127393
-127276
-126272
-125840
-125575
-124901
-124244
-124146
-124135
-124120
-124109
-124025
-123957
-123371
-123165
-123141
-123121
-122256
-122170
-121621
-120944
-120928
-120901
-120628
-119717
-119697
-119358
-119127
-118392
-117750
-117645
-117631
-116775
-116663
-116574
-116400
-115416
-115178
-115071
-114810
-114181
-113858
-113682
-113097
-113074
-112434
-111792
-111562
-111500
-111365
-110990
-110976
-110636
-110370
-109999
-109694
-109648
-109380
-109273
-109265
-109196
-109187
-109084
-107892
-106995
-106828
-106782
-106493
-106361
-105395
-105046
-104816
-104761
-104676
-104159
-103828
-103730
-103252
-103017
-102879
-102620
-102166
-101846
-101801
-101727
-100235
-99418
-98969
-98421
-98326
-97824
-97553
-97262
-97255
-97234
-97197
-97055
-96663
-96093
-96070
-95851
-95577
-95319
-95100
-93991
-93746
-93714
-93377
-93276
-92656
-92500
-92377
-92334
-92318
-92226
-91753
-91468
-91311
-91242
-91127
-90869
-90826
-90776
-90723
-90277
-90258
-90190
-90046
-89783
-89716
-88746
-88708
-88688
-88600
-88599
-88335
-88167
-88081
-87880
-87792
-87325
-86414
-86035
-85880
-85745
-85704
-84473
-84041
-83963
-83420
-83400
-83241
-82275
-82099
-81683
-81503
-81430
-81375
-80844
-80287
-80017
-79627
-79395
-79225
-79072
-78909
-78852
-78654
-78482
-78223
-78101
-77855
-77750
-77023
-76978
-76648
-76295
-76097
-75947
-75601
-75113
-74695
-74509
-74283
-72519
-72366
-72160
-71283
-71012
-70434
-70398
-69672
-69256
-69179
-68652
-68297
-67750
-67434
-66763
-66704
-66686
-66594
-66557
-66554
-66349
-65713
-65119
-64827
-64764
-64745
-64410
-64288
-64174
-63978
-63613
-63453
-61984
-61961
-61840
-61511
-61431
-60927
-60820
-60712
-60401
-60166
-60050
-59989
-59911
-59249
-58560
-58496
-58474
-58127
-57499
-57492
-56859
-56715
-55341
-55214
-54890
-53104
-52883
-52853
-52604
-52576
-52106
-51518
-51419
-50904
-50581
-49780
-49371
-48890
-48784
-48730
-48654
-48614
-48543
-47865
-47534
-47518
-47306
-47093
-46923
-46695
-46635
-46623
-46612
-45972
-45852
-45761
-45541
-44936
-44347
-43976
-43841
-43608
-43587
-43447
-43429
-43299
-43253
-43221
-42894
-42871
-42509
-42424
-42393
-42266
-42146
-42145
-42071
-41510
-40598
-40075
-39305
-38711
-38691
-38658
-38380
-37897
-37866
-37843
-37758
-37520
-37490
-37401
-37238
-37194
-36590
-36237
-36236
-36227
-36007
-35929
-35750
-34572
-34195
-34155
-33724
-32953
-32239
-32214
-32211
-31869
-31741
-31619
-31378
-31082
-31071
-31054
-30876
-30590
-30416
-30030
-29767
-29518
-29299
-28987
-28921
-28894
-28645
-28573
-28238
-28031
-28004
-27471
-27397
-26852
-26842
-26141
-25772
-25540
-25486
-24897
-24748
-24507
-24148
-23115
-22758
-22493
-21670
-20085
-19141
-18773
-18549
-18547
-18491
-18318
-18005
-17257
-16970
-16814
-16609
-16492
-16229
-15706
-15227
-14957
-14390
-14178
-13982
-13800
-13372
-12884
-12395
-12394
-12120
-11747
-10862
-10119
-9992
-9586
-9440
-9396
-9249
-9031
-8832
-8622
-8235
-7954
-7784
-7679
-7226
-7112
-6047
-6011
-5856
-5829
-5543
-5033
-4821
-3877
-3764
-3749
-2274
-2063
-1846
-1707
-1539
-1525
-1080
-784
-671
-467
309
329
508
727
1042
1163
1454
1560
1702
1808
2195
2340
2554
2566
2618
2957
3018
3143
3267
3415
3560
3595
3703
3915
3916
4223
4573
4906
5225
5555
5643
5843
6399
6489
6495
6499
6610
6727
6879
7131
7454
7664
8144
8507
8575
8686
8909
9267
9320
9497
9579
9612
9919
10015
10251
10410
10440
10683
10734
10785
11275
11443
11529
11787
12060
12627
12810
12851
12899
13208
13453
13800
14278
14353
14768
15020
15071
15399
15511
15851
17647
17710
17831
17957
17963
18070
18164
18196
18523
18735
18950
19229
19423
19792
20173
20739
20752
21090
21355
21730
21887
21889
22259
22383
22477
22795
22856
22917
23647
23799
23802
23857
24097
24473
24501
24555
25279
25451
25482
26232
26257
26570
26656
26960
27363
27598
27727
28475
29151
29383
30580
30606
30695
30808
31308
31401
31741
31849
31864
31959
32677
32787
33678
33706
33731
33963
34050
34680
34686
34751
36040
36224
36399
36993
37503
37533
37741
37744
37880
38385
38914
39018
39068
39373
39591
39795
40117
40303
40745
41077
41201
41486
41801
41886
42336
42675
42867
43369
43486
43650
44003
44117
44337
45667
45921
46020
46650
46848
47100
47137
47445
47504
47571
47648
47699
47821
48010
48049
48634
49179
49380
49913
50500
50599
50705
51056
51188
51333
51759
52148
52336
53094
53175
54433
54662
55041
55282
55562
55583
55624
55633
55962
56048
56154
56693
56803
57211
57293
57677
58325
58341
58385
58763
58992
59028
59112
59127
59219
59925
60353
60770
61210
61221
61268
61366
61445
62197
62306
62331
62572
62902
63223
63825
64779
64835
65072
65218
65228
65251
65533
65662
65666
65669
65910
66144
66372
66493
66900
67042
67184
67298
69156
69530
69551
70739
70755
70967
71469
71488
71775
71827
71926
72355
72549
72762
73682
74178
74239
74430
74596
74651
75246
75629
75823
76200
76365
76821
77180
77911
77981
78559
78984
79016
79534
80289
80821
80842
80892
81331
81793
82600
83014
83276
83376
83436
83744
84131
84133
84820
85321
85457
85505
86006
86226
86750
87489
87829
88219
89158
89373
89468
89803
90339
90564
90642
90734
90861
91187
91717
91951
91958
92104
92647
93196
94200
94253
94326
94386
94734
94807
94990
95464
95728
95868
96190
96403
96420
96591
96674
97266
97326
97773
97803
98447
98448
98450
98829
99306
99308
99311
99390
99565
99665
99817
99926
100218
100572
100677
100963
100976
101160
101171
101627
101961
102135
102392
102686
102715
103200
103467
103890
104511
104570
104644
104721
104875
104954
105052
105102
105205
105420
105458
105610
105797
106257
106518
107147
107268
108083
108168
108208
108250
109184
109287
109340
109555
109740
109923
110519
110746
110849
111314
112275
112501
112826
114016
114230
114534
114629
114738
115436
115622
115875
116269
116274
116836
117177
117995
118257
118579
118731
119214
119522
119895
120203
120721
121230
121414
121485
121618
121860
122193
122636
123056
123656
123792
123799
124493
124577
124645
124908
124944
125305
126174
126206
126279
126649
127001
127127
127133
127955
128015
128566
129459
129472
129831
129904
130983
131238
131425
131657
131775
131878
131987
132514
132603
132885
133639
133847
133981
134829
135029
135047
135079
135268
135563
135627
136086
137365
137689
137921
138095
138111
138196
139228
139232
139306
139385
139739
139757
139962
140011
140038
140135
140277
140789
141297
141314
141438
142931
143058
143791
144963
145317
145327
146007
146434
146610
147469
147510
147584
147754
148043
148139
148276
148290
148598
149456
149517
149759
149892
150113
150180
150263
150932
151236
151395
152115
152438
153026
153322
153349
153507
153585
154653
155329
155333
155448
156089
156178
156720
157408
157459
158013
158171
158333
158664
159072
159560
159635
159683
160231
160572
160614
160735
161352
161377
161451
162228
162267
162271
162340
162476
163234
163679
164196
164622
164906
165218
165462
166098
166138
166426
166473
166797
167528
167564
167609
168611
168746
168795
168970
169174
169176
169219
169620
170229
170403
170453
170608
171250
171329
171377
171447
171816
171950
172288
173230
173474
173590
173640
173835
173993
174319
174833
174977
175796
176155
176180
176382
177177
177240
177303
177487
177731
178277
178461
178699
178843
178998
179273
179432
179903
180124
180441
180451
180742
180942
181215
181296
181671
181792
182298
182875
182917
182938
183048
183050
183105
183454
184049
184581
184693
185064
185441
185765
185786
186014
186390
186521
186664
187230
187273
187565
187679
187700
187813
187931
188104
188124
188195
188659
189290
189407
189574
189596
190103
190206
190249
190354
191739
192207
192315
192765
192795
193017
193143
193374
195024
195156
195288
195305
195682
195683
195790
196299
196382
196404
196471
196680
196963
197207
197344
197747
197750
197849
198995
199081
199549
199638
199716
200061
200221
200761
200834
200890
201316
201375
201428
201988
202564
203424
203794
203821
203872
203902
203923
204314
204970
205251
205552
205555
205822
206080
206259
206436
206752
207002
207037
207596
207832
207978
208299
208617
209305
209328
209339
209342
209511
209692
210351
210501
210907
210986
211383
212176
212508
212656
212684
213385
213416
213661
213723
214108
214392
214460
214464
214582
214859
214997
215002
215575
215631
215777
215889
216092
216220
216466
216903
217378
217780
218061
218268
218813
218905
219263
219471
220657
221572
221717
221844
222017
222081
222517
222668
222740
223133
223566
224212
224651
225418
225545
225553
225696
225855
226029
226415
226779
227198
227509
227527
227601
228005
228106
228414
228572
229513
229630
229852
230670
230722
230881
231945
232270
232562
232884
233066
233677
233908
234333
235233
235701
235876
236438
236486
236803
237040
237569
237715
238203
238417
239418
239510
239532
239630
239632
240056
240078
240171
240263
240295
240866
240934
241191
241283
241497
241814
242348
242519
242603
243652
244526
244977
245094
245894
246214
246591
246717
247018
247170
247397
247466
247848
247914
247982
248219
248306
248412
248662
249205
249315
249729
249887
249924
250594
251001
251071
251164
251733
251860
251956
252082
252357
252644
253096
253496
253968
254082
254662
254697
254739
254773
254808
254874
255315
255357
255367
255494
256069
256508
256515
256962
257027
257426
257837
258130
258151
258294
258516
258563
258585
259005
259468
259586
259878
260026
260169
260186
260709
260763
260922
261118
261220
261681
262499
262961
263147
263160
263214
264529
265045
265875
266054
266393
266776
267021
268603
268629
269086
269258
269800
269807
269884
270014
270428
270912
270996
271482
271584
271818
271826
272278
272320
272592
272673
273011
273126
273181
273804
274171
274347
274351
275160
275650
276752
276977
276992
277657
278096
278294
278364
278373
278643
278749
279853
280489
281197
281399
281461
282098
282113
282158
282169
282214
282876
282992
284278
284377
284385
285488
286066
286614
286624
286670
286945
287918
288101
288124
288546
288634
288718
289359
289786
289790
289864
290035
290165
290263
290364
290621
292258
292458
292561
293254
293630
293952
293978
294108
294175
295047
295086
295310
295387
296098
296163
296890
297300
297721
298886
298903
299067
299098
299101
300050
300112
300658
301202
301568
302323
302624
302792
302883
303828
304045
304144
304896
304925
306329
306730
306982
307238
307354
307481
308464
309106
309276
309295
309589
309786
310336
310994
311010
311257
312260
312361
312715
312729
313236
313490
313635
313841
314018
314180
314272
314399
315600
315734
316160
316176
316775
316956
317148
317387
317588
318177
318427
318765
318768
320210
320502
320603
320781
321017
321114
321155
321206
321360
321679
321831
322151
322164
322467
322617
322702
322766
322870
323650
323766
324233
324347
324353
325161
325771
326176
326280
326647
326894
328815
329336
329356
329368
329443
329530
329666
329839
329916
330445
330857
330934
330943
330990
331250
331510
331726
332029
332149
332595
333123
333555
334158
334640
334659
335150
335431
335498
335765
335878
335970
336344
336452
336536
336717
336763
336845
337000
337130
337190
337248
337609
337862
337883
338142
338361
338983
339227
340050
340197
341431
341785
342104
343278
343388
343393
343527
343537
343811
345257
345486
345722
346071
346102
347066
347104
347129
347229
347280
347401
347530
347983
348118
348197
348244
348647
348704
348709
348917
349780
350034
350098
350521
350984
351071
351299
351345
351461
351524
351674
351743
351964
352186
352509
352544
352575
353043
354142
354573
354647
355278
355544
355645
355817
355818
356498
356502
356958
357177
357259
357380
357914
358060
358433
358907
359672
359919
360016
360263
360326
360597
360651
360894
361288
361844
362209
362247
362261
362366
362405
363345
364113
364205
364275
364328
365476
365655
366004
366271
366315
366321
366523
366938
367249
367836
368121
368780
368940
369130
369453
370001
370415
370977
370984
371063
371229
371934
372069
372165
372972
372993
373318
373482
373678
373706
373838
373841
374023
374538
374598
374798
375018
375863
376024
376185
376275
376769
376775
376791
377152
377269
377664
378305
378352
379005
379795
380337
380347
380612
380774
380872
380913
380970
381041
381403
381492
381588
381602
381679
381973
382239
382430
382433
382761
382948
383261
383751
384269
384333
384454
385045
385481
385531
385576
385921
385957
387230
387617
387916
387953
389119
389350
389699
390225
390230
390528
390656
390747
391003
391325
391787
391892
392071
392320
392546
392723
392871
392924
392933
392976
393067
393208
393803
394056
394192
394244
394365
394417
394702
394792
394911
395796
396349
396414
396896
397830
398089
398172
398748
398803
398818
398993
399162
399594
400250
400261
400906
401045
401220
401309
401576
401585
401719
401850
401853
402040
402517
402661
402827
403050
403071
403202
403289
403393
403473
403553
403814
404427
404512
404644
404888
405253
405309
405486
405654
405750
406119
406419
406652
407500
407506
407779
408136
408231
408630
408702
408716
409551
410034
410062
411395
411523
411918
412607
412745
412807
413112
413375
413847
414050
414133
414206
414455
414555
414825
414947
415135
415354
415414
415453
415563
415797
416319
416492
416885
416921
416978
416993
417042
417067
417331
417362
417799
417832
417840
418536
418558
419200
419781
419971
420009
420916
420948
421748
422084
422589
422630
423359
423673
425122
425304
425804
426077
426119
426237
426260
426586
426633
426731
427162
427292
427806
428076
428137
428149
428228
428599
428662
428838
429272
429353
429641
429934
430254
430625
430874
430956
430966
431049
431663
432315
432497
432796
432961
433224
434034
434056
434161
434479
434520
434541
434730
435246
435414
435552
435848
436420
436479
436749
436812
436992
437014
437080
437429
437430
437896
438274
438943
438966
439591
440317
440901
441262
441619
441715
441777
442087
442105
442107
442170
442696
442719
442842
442923
442939
443197
443350
443372
443640
443672
444156
444217
444468
444601
444677
445476
445581
445686
445828
446122
446485
446858
447661
447725
447734
447781
447897
448059
448476
448540
448626
448859
448931
449253
449426
449467
449771
449883
450423
450827
451054
451642
451827
451944
452063
452251
452317
452943
453005
453035
453152
453309
453558
453742
454006
454044
454462
454545
455882
456328
456628
456783
457108
457175
457318
457760
458212
458417
458430
458526
458628
458750
459204
460164
460278
460667
460671
460773
461408
461603
461621
461883
462006
462421
462877
462965
463656
463797
463840
464416
464484
464948
465556
465703
465760
466058
466601
466901
467145
467315
467630
467822
468066
468968
468997
469335
469399
469986
470089
470198
470508
470650
471129
471892
472068
472103
472286
472425
472764
473228
473772
473885
473905
473960
474009
474229
474312
474328
474358
474401
474677
474821
474985
475454
475935
476265
477374
477988
478339
478367
478429
479229
479408
479865
479916
480325
481092
481234
481324
481545
481910
482185
482201
482591
482629
482970
483146
483201
483342
483661
483949
484090
484271
485380
486375
486444
486557
486682
487607
487710
487835
487893
488330
488370
488533
488665
489150
489180
489685
489949
489991
490233
490277
490539
490854
491360
491649
491686
491874
491951
492611
493039
493221
493367
493579
494202
494218
494444
495296
495871
496325
496828
497021
497023
497070
497191
497217
497341
497452
497748
497925
498105
498162
498315
498782
499527
499599
