-464424
-458869
-456898
-450766
-421142
-413864
-406850
-406382
-400297
-388925
-370111
-363936
-350584
-336249
-332607
-322852
-309616
-294649
-283752
-265163
-253685
-242196
-225407
-214113
-203154
-199369
-183343
-178628
-166903
-147925
-119623
-113035
-98059
-68942
-65126
-58573
-56531
-49881
-28499
-20996
-19330
-9297
-922
-123
15972
38915
59481
80227
96377
98216
115565
117924
137495
143733
149538
161181
162414
170137
173594
189389
198597
203159
211478
215112
227294
227329
228023
247102
257404
258579
261885
267299
269888
270117
272143
275748
298824
313021
313955
317107
324884
334194
369757
372450
384620
399020
399171
404038
450579
473610
475073
484314
489035
489909
491152
