-499651
-499593
-496882
-492695
-492658
-492513
-492278
-482648
-480318
-479044
-478974
-496316
-494829
-489614
-489417
-491484
-491154
-484648
-487072
-487007
-486529
-486273
-482233
-479882
-484455
-498998
-483932
-483888
-483481
-483156
-482671
-485689
-484925
-479819
-481337
-480866
-495825
-495734
-497904
-497797
-497483
-496918
-493534
-493164
-495492
-489970
-476486
-476441
-492709
-476140
-475878
-488416
-488246
-472642
-461053
-454862
-446236
-446067
-454195
-453859
-452818
-452755
-451758
-451739
-451688
-471037
-474616
-474286
-462586
-473955
-457470
-449093
-460798
-460230
-445533
-444384
-452667
-452405
-452346
-469393
-469375
-468578
-462286
-457114
-456451
-456286
-455922
-455266
-455083
-459561
-459036
-458706
-458004
-462171
-462026
-442179
-441343
-450471
-448038
-461577
-465872
-447472
-447404
-447001
-433223
-433149
-420139
-426978
-426805
-426369
-425956
-425751
-434600
-417450
-417081
-431793
-430267
-429958
-429928
-421723
-421029
-421015
-420969
-440142
-436310
-435998
-435953
-429687
-424124
-423696
-415081
-429369
-428997
-438635
-431144
-420467
-420385
-428642
-438237
-430591
-430522
-435189
-414124
-434047
-433764
-433734
-433343
-433342
-413176
-412564
-416411
-437591
-436617
-417871
-417839
-411587
-411492
-410854
-410398
-399175
-409921
-409552
-402660
-401937
-401660
-408836
-409195
-406162
-400551
-408549
-395567
-395124
-394943
-397581
-397443
-393758
-384021
-396683
-407701
-406695
-406693
-406548
-396071
-401134
-386505
-386308
-385450
-385304
-385134
-385075
-405474
-400411
-400086
-391906
-391802
-391253
-391117
-404764
-400661
-403748
-403566
-389106
-399402
-399383
-399283
-383601
-383521
-383018
-376514
-371746
-371332
-367003
-363418
-379830
-379553
-363342
-356266
-356094
-355144
-376249
-378468
-360854
-360781
-362730
-355262
-355236
-377720
-377123
-376938
-366505
-366086
-375694
-375687
-375143
-365177
-364782
-361500
-369408
-367805
-354140
-380980
-363731
-353630
-372265
-372187
-380317
-380269
-353249
-353241
-359528
-358931
-350313
-342456
-341116
-340786
-334547
-327748
-325022
-324752
-322759
-320266
-311850
-311598
-311548
-308281
-308158
-295149
-295120
-294874
-322286
-321517
-305615
-305211
-305071
-321226
-315358
-314990
-313853
-293721
-293092
-298290
-306774
-311316
-304408
-300634
-300426
-299963
-299777
-320863
-319588
-319393
-304312
-317851
-317360
-317213
-316945
-312516
-312425
-309433
-308326
-298665
-312354
-311972
-303014
-302585
-302109
-301399
-298090
-297955
-306621
-306081
-297142
-292839
-292548
-274038
-272604
-263463
-263385
-263208
-278843
-273943
-269784
-273477
-262051
-278711
-278653
-278303
-269639
-268676
-268591
-272134
-272050
-277213
-292515
-291978
-264706
-291199
-290888
-276815
-272048
-261511
-272981
-287140
-277757
-277536
-277420
-282617
-274693
-274574
-286082
-282519
-288933
-267223
-281563
-271611
-281458
-280010
-271186
-271101
-274132
-263971
-263931
-263888
-256776
-256470
-253594
-249281
-245545
-243123
-242916
-238567
-238364
-237278
-245312
-245259
-244557
-244381
-243515
-243428
-243353
-240908
-234754
-234680
-253134
-253133
-252941
-248892
-248268
-260891
-236618
-236608
-236159
-251268
-255571
-235539
-240787
-240619
-247409
-247214
-254732
-254655
-242460
-234115
-254273
-233607
-238920
-260213
-259963
-259457
-259147
-258319
-252567
-252509
-256868
-253609
-251682
-233367
-243282
-251612
-250047
-249403
-238575
-242257
-241847
-241255
-232992
-232883
-232847
-225352
-224917
-224726
-214221
-206653
-206609
-206600
-206372
-220369
-210439
-209582
-216815
-216658
-224354
-224236
-215181
-214957
-228842
-228492
-228304
-223771
-223447
-208199
-207954
-230870
-230387
-230060
-229575
-207149
-227332
-214750
-218668
-218376
-218025
-217279
-214233
-212438
-212102
-211647
-211525
-205822
-205454
-205389
-229423
-229291
-232643
-232480
-232432
-211307
-222869
-221472
-221274
-221226
-231889
-221145
-204995
-204727
-204433
-202081
-201237
-194771
-191082
-190624
-190375
-189547
-189199
-188685
-188277
-185897
-178034
-200397
-200090
-177796
-177220
-176859
-187454
-204241
-185262
-184807
-176687
-176544
-180981
-184703
-183903
-193434
-186867
-176309
-176262
-175067
-186703
-198747
-198433
-197827
-197074
-196621
-196542
-195337
-187704
-186570
-186492
-186077
-185913
-192603
-199832
-194838
-202499
-202214
-198970
-192418
-191388
-174420
-174183
-173976
-178906
-178694
-155577
-150605
-150568
-144654
-144174
-143553
-143062
-149851
-142124
-142118
-149193
-141782
-140934
-146925
-172896
-145973
-172510
-172209
-171841
-171736
-171555
-155147
-154044
-164544
-163811
-157403
-157377
-156633
-145085
-162906
-152229
-151823
-150630
-144690
-162692
-168101
-170489
-170386
-170107
-156020
-169521
-167731
-166059
-162364
-161273
-160557
-159238
-159084
-140485
-118152
-118097
-118074
-115527
-135119
-134734
-134609
-129123
-134214
-132263
-128652
-127981
-127874
-126361
-139756
-133946
-133315
-116525
-127015
-116330
-116307
-117889
-117767
-117703
-117682
-120900
-138204
-114621
-114333
-120377
-137309
-136387
-135946
-131574
-113266
-130319
-113131
-112870
-124149
-115618
-124045
-123982
-123633
-123527
-119743
-119471
-118394
-123011
-121578
-125842
-125556
-125152
-112521
-112141
-111885
-105023
-82442
-82298
-81812
-81542
-89050
-88158
-87753
-87304
-106455
-101796
-101119
-103610
-99531
-98419
-97730
-97102
-106071
-86586
-85327
-85147
-95912
-95370
-83794
-80683
-83628
-80143
-83333
-79852
-83099
-82481
-93361
-92186
-102081
-91426
-94702
-94533
-111516
-100283
-100188
-108695
-108352
-108282
-108105
-107754
-110331
-105799
-105435
-105079
-78161
-74965
-74766
-74368
-60575
-58053
-57132
-55190
-54462
-54083
-47723
-56807
-59803
-59374
-59270
-53690
-53319
-69213
-69145
-56494
-58898
-58824
-52730
-67989
-61969
-61546
-61471
-61326
-61298
-60715
-60645
-60642
-64639
-64501
-64352
-64302
-52435
-47402
-56148
-47052
-67143
-66661
-65854
-63667
-50174
-49498
-46441
-77914
-77704
-77230
-76833
-75645
-45178
-45054
-44954
-43246
-43161
-37127
-33742
-16976
-29394
-28547
-28218
-28003
-27947
-44319
-40347
-27218
-27151
-25521
-36018
-35714
-35519
-43924
-43803
-35042
-34647
-31581
-25391
-19069
-18558
-24808
-42603
-18368
-17851
-16164
-15943
-24586
-24377
-24113
-22933
-30033
-17096
-39880
-15705
-39336
-39334
-42219
-22927
-37795
-40645
-29896
-29781
-22846
-22419
-21293
-20857
-20070
-12259
-2656
-2526
397
3118
3254
5609
5722
8550
17076
6007
-11956
12720
13380
18246
19587
9451
3481
4132
10667
-9290
-8558
-8074
11778
11919
-7694
520
4574
12241
-778
-173
10
190
7017
1264
4722
1309
-13529
-13075
-12762
-12381
-12306
5426
7551
8091
1646
15530
-4965
-3981
-3076
-3038
16250
16637
21681
21760
21769
24957
33877
38491
44815
44918
44947
45077
47973
39709
22297
41277
41456
41548
34289
34372
34555
24376
24523
31962
45865
34979
27493
27630
43557
43967
32964
28675
25163
46818
47868
29534
29615
25438
26109
26676
44676
48841
49055
49308
41663
42286
33093
33220
33415
29828
36004
36190
36218
36296
37486
37539
37962
38002
56256
56415
56443
56762
62604
62611
68940
67453
67458
64030
64242
73431
73859
68943
69112
69216
69469
49748
49904
65731
65778
66093
67989
74776
75221
68087
53672
70790
50575
76166
58702
57868
68531
58991
59672
59713
54391
51847
71029
58389
60898
55125
55536
55946
71447
72262
72561
69589
69773
69895
70016
64322
64531
64697
65116
67168
82587
85798
86717
86863
86886
90234
95304
96217
100254
100363
100459
101251
101330
101475
102535
102652
93434
87153
106995
107496
107513
87235
87563
104726
104874
104925
78795
79698
94107
82766
83799
83917
94342
90436
90636
96528
96681
88157
84535
85355
91296
105807
106780
94868
97136
97865
97950
88588
81702
98650
107708
108877
90187
109077
109278
109288
110078
110172
110327
116418
116631
125875
129331
129432
138801
139200
139894
140103
140432
140487
126690
132000
132741
126906
127639
130390
110783
111424
111794
112430
128099
141780
122530
122593
130665
132999
123296
124146
124451
125399
131403
117677
136382
136852
137064
137737
137965
113982
114247
114305
120292
120518
121206
121307
121980
115406
115752
133485
133867
145553
147485
147565
149943
149990
150407
156305
161299
164570
166128
166388
145878
148156
148177
156790
148240
156840
148933
156915
149329
157172
162778
142226
151646
146103
157958
149858
153232
153567
152599
165178
165382
159154
159206
165529
165776
165800
163627
163869
168436
168495
154109
154826
160593
155283
170026
164033
164501
161232
161275
146583
146888
142936
143453
143503
143605
144697
145116
147202
183951
186833
186889
196595
184058
171129
180567
188160
184361
197379
197781
188338
178260
178572
178621
171146
197979
174828
188649
178852
190647
171894
193999
191233
189403
176365
199121
199400
199429
199785
199949
200052
173468
177548
178982
192660
181420
181429
181444
179028
198302
182738
195466
195565
198505
198520
185988
186686
210362
221245
224232
224918
225175
228258
228420
228949
221350
219631
219682
219810
216061
229972
220037
220052
230433
230506
230553
231931
232068
217294
231266
208612
209010
220225
217894
206039
206068
206148
202527
222718
222843
223600
223756
211451
211920
204536
233669
233796
209052
208232
209592
209760
212777
210214
210281
213570
214263
208333
238198
242103
242149
243323
252925
256433
261352
238555
235166
235214
256730
250492
250983
243432
244266
244467
244550
244969
259550
235803
236022
245442
257477
257761
258153
258879
258968
251239
251605
236487
260024
260207
239162
248456
248498
248597
248942
249841
252583
240773
253193
254358
242289
242368
254800
256259
237525
261927
242457
256285
243196
243202
265710
265881
265895
265978
266310
266388
267829
267966
272422
272474
278990
283741
284002
286482
288364
266806
266977
289157
274440
274560
275373
275714
281350
279611
279862
281826
286789
268147
277207
277442
278478
284820
285028
267420
267526
289914
290313
282697
286801
285350
287762
290763
291569
291712
285868
268319
268710
268726
280754
286479
270587
271078
271389
268813
269198
272557
273306
273415
292222
295173
295486
306496
308552
310440
310517
310795
310850
312919
315427
311285
311408
313172
303976
313409
292785
293237
293277
318397
298629
312668
304582
313541
308602
309393
309462
309560
309764
298647
298909
301027
310330
315948
316407
318898
314337
315206
301774
305420
316802
317351
301850
302122
303137
303152
306176
306359
293852
295596
320088
294810
320895
297045
297727
298222
307814
308059
308542
295080
321614
330031
330273
333592
334220
343406
348770
355770
356088
330774
331080
331322
357523
357927
336806
337211
350436
338271
338534
338893
334803
351410
322320
340487
340491
340729
340946
339383
334970
335120
323560
358896
350989
324223
324407
328098
328734
329233
329739
353508
359560
342117
342322
353521
355073
343550
351249
345494
346304
335147
335667
335734
346609
368959
369001
369689
372178
375720
378959
384073
386843
370165
384680
385051
385392
376264
360028
361591
361663
381596
370365
367439
367460
368246
387383
387976
379403
379518
379635
379652
371389
371746
360342
385550
368397
388341
380358
371827
388441
388668
381847
385594
385678
386465
377180
378291
368466
378521
363658
365139
372315
372529
372613
366000
366658
360528
360694
360706
360837
361227
398964
399572
399798
409152
396629
390784
391742
391800
411706
412136
415776
410018
410116
410148
396973
406359
406483
410482
413704
413826
413919
414040
414177
402957
403265
398145
410964
411077
417023
401122
401377
392724
392733
393190
398655
406769
390397
390567
408547
394213
394295
394746
395123
395161
391861
391985
401998
402217
417416
403867
408845
404339
392419
405399
418869
423697
424286
424541
430815
441037
441191
445802
433533
443460
446541
437598
437745
439394
425469
447654
419634
443970
439567
440247
440768
441475
444146
441814
432195
426574
426798
449263
445291
427161
426070
434534
442814
432339
420318
420978
434655
435226
435424
436432
420629
436493
429877
430459
421144
421735
422440
422670
423318
452127
452358
454563
455209
455454
457179
462899
463074
463083
469667
469741
469954
469989
470290
470377
474767
465355
475770
471190
465975
466692
457545
458083
458448
458601
468674
468846
459117
477342
463603
450429
473580
477521
451107
463839
471305
473704
474000
474036
474329
456248
464460
456706
456880
451256
453135
453233
453777
451942
460658
469541
462112
462333
484082
489592
490060
492724
496440
498801
499232
491469
479783
487703
484481
480072
491818
480848
488157
488189
497085
498263
498457
492223
492546
489037
489253
489501
483823
487351
498552
498726
492922
494936
496334
