-499651
-499593
-496882
-492695
-492658
-492513
-492278
-482648
-480318
-479044
-478974
-484648
-489614
-489417
-482233
-484644
-484455
-491484
-491154
-487072
-487007
-486529
-486273
-483932
-483888
-483481
-483156
-482671
-494829
-498998
-476486
-476441
-496316
-493534
-493164
-489970
-476140
-475878
-495825
-495734
-482127
-497904
-497797
-497483
-496918
-492709
-495492
-481337
-480866
-480287
-479882
-488416
-488246
-479819
-485983
-485689
-484925
-472642
-461053
-454862
-446236
-446067
-468200
-454195
-453859
-452818
-452755
-445533
-444384
-452667
-452405
-452346
-449093
-471632
-475450
-457470
-471141
-471037
-474616
-462586
-460798
-460230
-451758
-451739
-451688
-474286
-469393
-469375
-468578
-462286
-442179
-441343
-462171
-462026
-450471
-448038
-461577
-465872
-459561
-459036
-458706
-458004
-473994
-473955
-447472
-447404
-447001
-457244
-457114
-456451
-456286
-455922
-455266
-455083
-464414
-433223
-433149
-420139
-426978
-426805
-426369
-425956
-425751
-434600
-417450
-417081
-430267
-429958
-429928
-424124
-423696
-429687
-419882
-429369
-428997
-431793
-428642
-421723
-421029
-421015
-420969
-434047
-433764
-433734
-433343
-433342
-436310
-435998
-435953
-431144
-415081
-430591
-430522
-420467
-420385
-414124
-435189
-416834
-417871
-417839
-413176
-412564
-416411
-440743
-440142
-438635
-438237
-437591
-436617
-411587
-411492
-410854
-410398
-399175
-402660
-401937
-401660
-409921
-408836
-406162
-400551
-409552
-395567
-395124
-394943
-408549
-384021
-393758
-401134
-407701
-406695
-406693
-406548
-397581
-397443
-405474
-386505
-386308
-385450
-385304
-385134
-385075
-400411
-400086
-396683
-396071
-404764
-400661
-403748
-403566
-409341
-409195
-391906
-391802
-391253
-391117
-399402
-399383
-399283
-383601
-383521
-383018
-389106
-376514
-371746
-371332
-367003
-363418
-363342
-379830
-355144
-363091
-376249
-360854
-360781
-362730
-379553
-356546
-375694
-375687
-375143
-369408
-367805
-366505
-366086
-356266
-356094
-365177
-364782
-361500
-379067
-378468
-354140
-377720
-377123
-376938
-355262
-355236
-380980
-353630
-363731
-380317
-380269
-372265
-372187
-353249
-353241
-359528
-358931
-350313
-342456
-341116
-340786
-334547
-327748
-325022
-324752
-324089
-324028
-323817
-323716
-323618
-333507
-338085
-337931
-336981
-332836
-332180
-332094
-343722
-343244
-323584
-323068
-332060
-340234
-342650
-336112
-335326
-335031
-340026
-339351
-341802
-328489
-328468
-328446
-341188
-341135
-338967
-322847
-346134
-351622
-351511
-350337
-327684
-327603
-327301
-327022
-326650
-325961
