-499651
-499593
-499538
-499502
-498998
-498467
-497904
-497797
-497575
-497483
-497419
-496918
-496882
-496699
-496316
-496182
-495864
-495825
-495734
-495567
-495492
-495215
-494933
-494829
-494558
-494117
-493860
-493787
-493534
-493164
-492948
-492863
-492709
-492695
-492658
-492513
-492278
-491790
-491484
-491154
-490703
-490275
-489970
-489633
-489614
-489417
-489362
-489309
-489140
-488905
-488803
-488416
-488344
-488246
-487516
-487072
-487007
-486529
-486273
-485983
-485689
-485584
-484925
-484901
-484865
-484648
-484644
-484455
-484196
-483932
-483888
-483481
-483156
-482671
-482648
-482509
-482233
-482127
-481360
-481337
-480866
-480797
-480642
-480554
-480470
-480318
-480287
-479882
-479863
-479819
-479743
-479617
-479456
-479210
-479198
-479169
-479044
-478974
-478214
-477758
-477470
-476486
-476441
-476195
-476140
-475878
-475530
-475450
-474660
-474616
-474295
-474286
-473994
-473955
-473146
-473009
-472642
-471993
-471632
-471141
-471037
-470629
-469474
-469393
-469375
-468775
-468578
-468200
-467829
-467570
-467454
-466543
-466131
-465872
-465639
-465253
-464414
-463674
-463013
-462586
-462347
-462286
-462207
-462171
-462026
-461889
-461577
-461053
-460820
-460798
-460230
-460220
-460103
-459561
-459036
-458706
-458004
-457757
-457470
-457244
-457114
-456451
-456286
-455922
-455437
-455266
-455083
-454862
-454325
-454195
-453859
-452818
-452755
-452709
-452667
-452405
-452346
-452325
-452262
-451758
-451739
-451688
-450882
-450789
-450782
-450471
-450353
-449834
-449093
-448717
-448512
-448266
-448038
-447696
-447472
-447404
-447176
-447001
-446236
-446067
-445910
-445533
-444384
-443242
-443095
-442280
-442179
-442099
-441343
-441325
-440743
-440142
-440015
-438635
-438448
-438237
-438201
-437591
-436617
-436469
-436394
-436369
-436331
-436310
-435998
-435953
-435575
-435451
-435189
-434645
-434600
-434563
-434299
-434241
-434186
-434047
-433764
-433734
-433343
-433342
-433223
-433149
-432714
-432399
-431793
-431631
-431562
-431144
-430665
-430591
-430522
-430502
-430267
-429958
-429928
-429687
-429471
-429369
-428997
-428962
-428642
-427944
-426978
-426805
-426369
-425956
-425751
-425265
-424124
-423696
-423403
-422931
-422189
-421723
-421029
-421015
-420969
-420756
-420527
-420467
-420385
-420139
-419882
-419029
-418865
-418331
-418302
-417901
-417874
-417871
-417839
-417756
-417450
-417081
-416834
-416785
-416683
-416600
-416411
-416350
-416141
-415908
-415094
-415081
-414999
-414391
-414124
-414047
-413377
-413176
-412564
-411828
-411587
-411492
-410854
-410398
-410008
-409921
-409737
-409552
-409341
-409195
-408902
-408836
-408702
-408549
-408383
-407706
-407701
-406695
-406693
-406548
-406368
-406287
-406162
-405669
-405474
-405426
-405263
-404764
-404672
-403748
-403566
-403021
-402842
-402660
-401937
-401660
-401551
-401416
-401158
-401134
-400993
-400661
-400587
-400551
-400541
-400499
-400411
-400086
-400039
-399402
-399383
-399283
-399175
-399046
-398262
-397688
-397581
-397443
-396737
-396683
-396184
-396071
-395985
-395649
-395567
-395124
-394943
-393888
-393758
-393742
-393597
-393423
-393053
-392462
-391906
-391802
-391253
-391117
-390879
-390493
-390235
-389106
-388499
-387348
-386654
-386595
-386505
-386308
-385450
-385304
-385134
-385075
-384848
-384710
-384313
-384097
-384021
-384014
-383641
-383601
-383521
-383018
-383012
-382961
-382868
-382076
-381845
-380980
-380976
-380699
-380317
-380269
-380263
-379830
-379727
-379553
-379067
-378468
-378376
-377720
-377314
-377123
-376938
-376514
-376327
-376249
-375770
-375703
-375694
-375687
-375143
-375072
-374915
-374689
-374526
-373537
-373447
-372937
-372821
-372748
-372554
-372265
-372187
-372182
-371746
-371332
-371047
-370816
-370293
-369860
-369408
-367805
-367419
-367104
-367003
-366892
-366546
-366505
-366086
-365177
-364782
-364576
-364553
-363731
-363418
-363402
-363342
-363204
-363091
-362916
-362730
-362490
-361500
-361444
-361349
-361163
-360854
-360781
-360013
-359737
-359528
-359499
-358931
-358611
-357730
-357569
-356921
-356636
-356546
-356386
-356266
-356094
-356055
-355262
-355236
-355162
-355144
-355101
-354711
-354140
-353949
-353630
-353547
-353506
-353249
-353241
-353149
-353136
-352846
-352687
-352417
-351937
-351854
-351622
-351511
-350337
-350313
-349073
-349020
-347947
-347245
-346701
-346567
-346335
-346134
-345850
-345729
-345512
-344806
-343939
-343923
-343722
-343244
-343233
-342868
-342650
-342456
-342426
-342273
-342082
-342072
-342058
-341802
-341724
-341188
-341135
-341116
-340786
-340752
-340510
-340234
-340224
-340026
-339351
-339172
-338967
-338860
-338661
-338085
-337931
-336981
-336359
-336112
-335326
-335031
-334818
-334547
-333996
-333835
-333507
-333036
-333015
-332836
-332180
-332094
-332060
-331605
-330509
-330507
-330218
-330160
-329369
-329002
-328489
-328468
-328446
-327748
-327684
-327603
-327301
-327157
-327022
-326650
-326571
-325961
-325665
-325022
-324752
-324089
-324028
-323817
-323716
-323618
-323584
-323068
-322847
-322759
-322702
-322286
-321517
-321410
-321226
-321209
-320863
-320554
-320441
-320266
-320242
-319588
-319393
-319280
-317851
-317360
-317213
-316945
-316004
-315358
-314990
-314510
-313853
-313758
-313595
-312516
-312481
-312425
-312354
-311972
-311850
-311598
-311548
-311505
-311316
-310937
-310614
-310473
-309433
-308326
-308281
-308158
-308121
-307562
-307109
-306774
-306746
-306658
-306621
-306081
-305861
-305615
-305211
-305071
-304788
-304408
-304334
-304312
-303943
-303782
-303741
-303662
-303522
-303014
-302821
-302585
-302109
-301492
-301399
-301019
-300980
-300635
-300634
-300426
-299963
-299777
-299584
-299178
-299160
-298985
-298665
-298450
-298350
-298290
-298090
-297955
-297941
-297201
-297142
-296697
-296465
-295687
-295149
-295120
-294874
-294228
-294060
-293916
-293721
-293092
-292839
-292548
-292515
-291978
-291326
-291199
-290888
-290834
-290761
-290598
-289907
-289334
-288933
-288287
-287924
-287140
-286923
-286082
-285875
-284893
-284829
-284816
-283814
-283645
-283293
-282721
-282617
-282601
-282519
-281769
-281563
-281458
-280010
-279939
-279770
-279310
-279030
-278843
-278833
-278711
-278653
-278303
-277896
-277757
-277536
-277420
-277242
-277213
-277151
-276815
-275471
-275443
-275392
-274793
-274693
-274574
-274132
-274038
-273964
-273943
-273935
-273477
-273311
-273055
-272981
-272694
-272637
-272604
-272483
-272378
-272134
-272050
-272048
-271611
-271263
-271186
-271101
-270199
-269784
-269639
-268676
-268591
-268237
-267748
-267516
-267426
-267223
-267127
-265428
-265372
-264706
-264447
-264192
-263971
-263954
-263931
-263888
-263637
-263463
-263385
-263208
-262915
-262387
-262102
-262051
-261609
-261511
-261490
-261415
-261059
-260891
-260532
-260213
-259963
-259457
-259147
-258319
-257629
-257586
-257171
-256868
-256776
-256470
-256382
-256062
-255571
-254758
-254732
-254655
-254273
-253609
-253594
-253577
-253134
-253133
-252941
-252891
-252567
-252509
-251807
-251682
-251612
-251544
-251522
-251268
-251130
-250922
-250054
-250047
-249783
-249770
-249656
-249403
-249281
-249205
-249169
-248892
-248268
-248049
-247628
-247409
-247214
-247091
-246700
-245545
-245415
-245312
-245259
-244557
-244381
-243515
-243428
-243353
-243282
-243123
-242916
-242826
-242582
-242460
-242257
-241847
-241263
-241255
-241190
-240979
-240908
-240787
-240619
-240290
-239518
-238920
-238855
-238668
-238575
-238567
-238364
-237278
-236618
-236608
-236159
-235860
-235539
-235012
-234831
-234754
-234680
-234581
-234497
-234131
-234115
-233660
-233607
-233518
-233367
-233204
-232992
-232883
-232847
-232643
-232480
-232432
-232345
-232298
-232294
-231889
-231403
-231352
-231027
-230870
-230387
-230060
-229575
-229498
-229423
-229291
-229175
-229088
-228842
-228698
-228492
-228304
-228119
-227332
-226561
-226543
-225352
-224917
-224726
-224579
-224354
-224236
-224115
-223771
-223447
-222869
-222388
-222182
-222140
-221860
-221565
-221555
-221472
-221274
-221226
-221145
-221048
-220630
-220575
-220369
-220191
-219989
-219982
-218668
-218376
-218025
-217789
-217716
-217279
-216933
-216815
-216658
-216560
-215181
-215038
-214957
-214899
-214750
-214564
-214233
-214221
-212841
-212800
-212576
-212550
-212438
-212102
-211647
-211525
-211307
-210739
-210439
-210103
-209582
-209259
-208212
-208199
-207954
-207309
-207149
-206882
-206653
-206609
-206600
-206372
-206151
-205863
-205822
-205454
-205389
-205317
-204995
-204727
-204433
-204277
-204241
-203852
-203335
-203124
-202499
-202214
-202081
-201534
-201237
-200790
-200397
-200090
-199832
-199661
-199380
-199116
-198970
-198874
-198747
-198433
-197827
-197074
-196621
-196542
-195404
-195337
-195148
-194838
-194771
-194414
-194161
-193789
-193434
-193019
-192603
-192418
-191796
-191784
-191388
-191082
-190624
-190375
-189549
-189547
-189199
-188685
-188277
-188071
-188001
-187704
-187684
-187654
-187454
-186867
-186739
-186703
-186702
-186570
-186492
-186077
-185913
-185897
-185628
-185459
-185262
-184807
-184704
-184703
-183903
-182250
-181239
-181110
-181022
-180981
-179856
-179681
-179677
-179254
-178906
-178694
-178098
-178034
-177796
-177220
-177086
-176859
-176687
-176544
-176503
-176309
-176262
-176230
-176081
-175925
-175901
-175112
-175067
-174557
-174420
-174183
-173976
-173690
-173523
-173140
-173068
-172896
-172782
-172510
-172348
-172209
-171841
-171736
-171555
-171501
-171445
-171434
-171055
-170695
-170489
-170386
-170362
-170107
-169968
-169567
-169521
-168795
-168775
-168640
-168571
-168336
-168101
-167956
-167731
-166900
-166568
-166059
-165600
-165527
-165450
-165129
-164953
-164544
-163811
-163183
-162906
-162717
-162692
-162364
-161276
-161273
-160956
-160557
-159804
-159783
-159300
-159238
-159084
-157674
-157439
-157403
-157377
-156633
-156591
-156385
-156259
-156082
-156020
-155861
-155577
-155473
-155147
-154044
-153596
-152885
-152790
-152229
-151823
-151459
-150630
-150605
-150568
-150302
-150233
-149851
-149614
-149193
-148928
-148770
-148375
-147374
-147203
-146925
-146474
-145973
-145582
-145088
-145085
-145020
-144690
-144654
-144174
-143553
-143062
-142642
-142366
-142124
-142118
-141782
-140934
-140485
-139979
-139865
-139756
-139311
-138204
-137780
-137309
-136387
-135946
-135637
-135119
-134734
-134609
-134319
-134214
-134045
-133946
-133315
-133032
-132952
-132653
-132391
-132263
-132111
-131917
-131767
-131766
-131643
-131574
-131269
-130319
-130316
-130116
-129123
-128891
-128652
-127981
-127874
-127764
-127015
-126713
-126548
-126493
-126424
-126361
-125842
-125556
-125152
-124916
-124883
-124478
-124149
-124085
-124045
-123982
-123633
-123527
-123314
-123011
-122494
-121578
-120966
-120900
-120823
-120377
-119772
-119743
-119471
-118394
-118196
-118186
-118152
-118097
-118074
-118007
-117892
-117889
-117767
-117703
-117682
-117610
-117489
-116932
-116783
-116525
-116494
-116330
-116307
-116226
-115784
-115665
-115618
-115527
-115444
-114621
-114333
-113725
-113266
-113166
-113131
-112870
-112794
-112521
-112141
-111885
-111864
-111603
-111516
-111459
-110761
-110331
-110255
-109873
-109685
-109649
-109308
-108769
-108695
-108352
-108282
-108105
-107754
-107730
-106455
-106144
-106071
-105799
-105733
-105435
-105137
-105117
-105088
-105079
-105023
-104814
-103610
-103557
-103118
-102756
-102632
-102539
-102081
-102069
-101805
-101796
-101119
-100915
-100817
-100785
-100589
-100283
-100188
-100002
-99653
-99531
-98419
-97730
-97102
-96230
-95912
-95370
-94702
-94533
-94302
-94240
-94141
-93361
-92186
-92018
-91426
-90903
-90589
-90219
-89763
-89425
-89050
-88679
-88158
-87753
-87608
-87304
-87132
-86971
-86586
-86444
-86252
-85862
-85553
-85327
-85147
-85120
-83794
-83628
-83333
-83099
-82481
-82442
-82298
-81812
-81542
-81269
-80683
-80143
-79852
-79017
-78434
-78161
-77914
-77704
-77230
-76833
-76784
-76545
-76048
-75645
-74976
-74965
-74766
-74368
-74154
-73801
-73223
-72853
-71617
-71085
-70314
-69806
-69213
-69145
-68294
-67989
-67893
-67331
-67143
-66661
-66634
-65854
-65791
-65686
-65233
-64639
-64501
-64352
-64302
-64020
-63908
-63667
-63053
-62522
-61969
-61546
-61471
-61326
-61298
-60715
-60645
-60642
-60575
-60305
-59803
-59374
-59270
-58912
-58898
-58824
-58222
-58135
-58053
-57189
-57132
-56825
-56807
-56494
-56302
-56150
-56148
-56036
-56004
-55190
-54462
-54336
-54083
-54062
-53690
-53319
-53306
-52730
-52435
-52160
-51643
-50711
-50685
-50362
-50284
-50174
-49569
-49498
-48156
-47872
-47723
-47402
-47110
-47052
-46903
-46554
-46454
-46441
-46431
-45906
-45178
-45054
-44954
-44696
-44319
-44125
-43924
-43803
-43598
-43401
-43246
-43161
-43143
-42989
-42728
-42603
-42219
-42085
-41845
-40645
-40626
-40604
-40347
-40060
-39880
-39502
-39336
-39334
-38361
-37795
-37127
-37062
-36827
-36114
-36018
-35714
-35519
-35110
-35042
-34647
-34144
-33742
-31838
-31730
-31581
-31017
-30938
-30884
-30033
-29896
-29781
-29649
-29394
-28547
-28218
-28003
-27947
-27643
-27218
-27151
-25521
-25422
-25407
-25391
-24840
-24808
-24586
-24377
-24113
-23361
-22933
-22927
-22846
-22419
-21411
-21293
-20857
-20829
-20593
-20070
-19784
-19714
-19650
-19077
-19069
-18558
-18528
-18368
-18200
-17851
-17141
-17096
-16976
-16851
-16227
-16164
-15943
-15804
-15717
-15705
-15493
-15439
-15276
-14920
-14433
-14117
-13920
-13529
-13075
-12762
-12381
-12306
-12259
-11961
-11956
-10424
-9543
-9290
-8558
-8074
-7764
-7694
-7367
-6945
-6319
-5056
-4965
-4670
-3981
-3667
-3076
-3038
-2985
-2656
-2526
-2475
-2427
-1211
-1110
-778
-173
10
190
397
442
520
796
1264
1291
1309
1431
1646
1848
3118
3254
3481
3614
4132
4268
4574
4722
5323
5426
5532
5609
5722
5863
6007
6506
6939
7017
7471
7551
8091
8550
8841
9107
9388
9411
9451
10025
10667
10781
11778
11919
12241
12317
12720
13380
13401
14102
15530
15890
16250
16488
16637
17076
18035
18246
18841
19587
20145
20224
20866
21149
21162
21390
21681
21760
21769
21952
22068
22297
22618
23925
24376
24523
24957
25106
25120
25128
25163
25353
25387
25438
26109
26147
26676
27020
27210
27493
27630
28034
28675
28926
29010
29534
29615
29828
29838
30378
30926
31962
32535
32964
33093
33220
33415
33437
33877
33968
33996
34240
34289
34372
34555
34711
34871
34908
34979
36004
36190
36218
36296
36828
37096
37486
37539
37592
37962
38002
38491
38642
39709
39981
41277
41456
41548
41663
41986
42286
42687
43123
43485
43557
43967
44439
44532
44635
44676
44814
44815
44918
44947
45077
45613
45865
46092
46670
46818
47868
47973
48094
48233
48806
48841
48851
49039
49046
49055
49308
49504
49551
49748
49904
50231
50507
50575
51267
51847
52026
53069
53467
53551
53672
53968
54179
54391
54863
55125
55536
55946
56256
56415
56443
56558
56762
57291
57733
57868
57969
58091
58389
58702
58796
58991
59672
59713
59714
60716
60898
60986
61637
62427
62604
62611
62776
63135
63677
64030
64242
64322
64531
64697
65116
65299
65731
65778
66093
66320
66556
66706
67168
67191
67250
67330
67453
67458
67848
67989
68073
68087
68112
68284
68531
68732
68908
68940
68943
69112
69216
69469
69589
69773
69895
70016
70190
70301
70790
70865
71029
71447
72016
72262
72561
72605
72903
72973
73431
73859
73892
74624
74736
74776
75221
76043
76166
77241
77596
77703
78700
78795
79698
80269
80431
80888
80976
81702
82587
82704
82760
82766
83799
83917
84021
84333
84535
85355
85798
86717
86863
86886
87113
87153
87166
87235
87563
87605
87612
87989
88157
88228
88427
88588
89092
89542
89826
90187
90234
90316
90436
90636
90923
91227
91296
92143
92209
92310
93077
93237
93376
93434
93473
93840
94107
94320
94342
94677
94868
95304
96217
96382
96528
96681
97136
97865
97950
98026
98650
98943
99697
100254
100363
100459
101251
101330
101475
102535
102652
102771
103019
104509
104726
104874
104925
105082
105204
105807
106184
106780
106868
106995
107029
107496
107513
107708
107763
108855
108877
109077
109278
109288
110078
110172
110327
110471
110668
110783
111424
111794
112430
112637
113011
113047
113152
113903
113948
113982
114247
114305
115406
115752
116264
116418
116631
116648
117078
117304
117411
117430
117507
117677
118978
119139
119192
119432
119666
120292
120518
120879
121206
121307
121980
122138
122273
122530
122593
122940
123296
123831
124146
124451
125399
125723
125875
126361
126690
126780
126906
127639
127956
128099
128363
129041
129331
129432
130370
130390
130641
130665
130946
131102
131262
131403
131879
132000
132217
132741
132763
132999
133485
133519
133867
133907
134053
134865
136205
136304
136382
136581
136597
136852
137064
137590
137737
137965
138091
138801
139200
139894
140103
140432
140487
141301
141423
141780
142121
142220
142226
142936
143453
143503
143605
143968
144697
144757
145116
145553
145642
145878
145985
146103
146583
146742
146778
146888
147202
147485
147565
148156
148177
148240
148933
149329
149601
149782
149858
149943
149990
150407
150513
151443
151646
151769
151876
152599
152730
152797
152889
152925
153232
153567
153990
154109
154826
155283
156176
156305
156717
156790
156840
156915
157172
157226
157314
157958
158090
158350
158691
159116
159154
159206
159879
160593
160915
161232
161275
161299
161975
162778
162819
163056
163627
163869
163902
164033
164501
164570
164577
164652
165158
165178
165382
165388
165529
165776
165800
166128
166388
166949
167238
167479
168436
168495
169575
170026
170727
170867
171129
171146
171464
171574
171860
171894
173252
173468
173813
173927
174024
174591
174828
175375
176199
176365
177153
177548
177655
177905
178163
178260
178572
178621
178799
178852
178982
179028
179239
179336
180351
180567
180892
181139
181420
181429
181444
182275
182684
182738
183951
184008
184058
184193
184361
185394
185644
185963
185988
186686
186833
186889
188062
188160
188196
188307
188338
188497
188649
189252
189403
189615
190367
190647
191002
191233
192147
192299
192456
192660
192800
192904
193795
193999
194116
194280
194422
194921
194979
195264
195466
195565
196189
196595
197247
197379
197781
197810
197979
198302
198311
198505
198520
198611
198617
199121
199400
199429
199785
199949
200052
200550
200595
201262
201274
201845
202527
203462
203463
204536
204825
204868
205127
205498
205739
206039
206068
206148
206164
206260
207302
207335
208232
208333
208375
208612
209010
209052
209592
209760
209837
210214
210239
210281
210362
210451
211387
211451
211920
212777
213570
214263
214683
214891
215346
215875
216061
216848
217294
217565
217654
217894
218272
218357
219352
219527
219631
219682
219810
219902
220037
220052
220141
220225
220327
221245
221329
221350
221544
221613
221888
222718
222843
223297
223600
223756
224232
224918
225175
225649
225751
226203
226716
226951
227030
227087
228258
228420
228949
229271
229972
230433
230506
230553
230733
231266
231311
231931
232068
233578
233648
233669
233796
234198
234582
234782
235102
235166
235214
235336
235803
235912
236022
236487
236668
237525
238198
238454
238555
239022
239162
239469
240773
241335
241822
242034
242103
242149
242252
242289
242368
242449
242457
242663
243186
243196
243202
243323
243421
243432
243455
244266
244467
244550
244969
245442
245662
246285
246808
247188
247637
247804
248396
248446
248456
248498
248597
248942
249841
250458
250492
250983
251075
251239
251605
251958
252024
252583
252834
252925
253117
253141
253193
253660
254358
254489
254800
256251
256259
256265
256285
256433
256690
256730
257413
257477
257575
257761
258153
258879
258968
259131
259550
259604
259672
259807
260024
260207
260363
260571
261320
261352
261735
261927
262984
263619
263763
263800
263813
264966
265303
265710
265881
265895
265978
266310
266388
266596
266806
266977
267083
267420
267526
267829
267966
268098
268147
268319
268710
268726
268813
269198
269236
269866
270105
270113
270363
270587
270658
271078
271281
271389
272214
272422
272474
272477
272557
272567
273306
273415
273626
273678
273797
274356
274426
274440
274560
275373
275714
276640
277103
277207
277442
278478
278990
279037
279106
279611
279862
280242
280283
280450
280500
280754
280900
281350
281565
281826
282028
282496
282569
282697
283628
283729
283741
284002
284121
284820
285028
285350
285426
285734
285868
286314
286479
286482
286527
286763
286789
286801
287366
287762
287886
287977
288163
288364
288538
289157
289589
289914
290313
290644
290763
291569
291712
292222
292420
292785
293237
293277
293762
293852
294781
294810
295080
295173
295486
295580
295596
295603
295990
297045
297598
297727
298222
298557
298629
298647
298909
298948
301027
301774
301850
302122
303137
303152
303764
303976
304403
304582
304910
305420
305592
305705
306174
306176
306359
306496
306733
306823
307115
307478
307810
307814
308059
308186
308542
308552
308592
308602
309393
309462
309560
309764
309901
309930
310330
310440
310517
310795
310850
311186
311285
311408
312214
312634
312668
312919
312987
313172
313409
313484
313541
313872
314319
314337
315206
315427
315618
315738
315933
315948
316407
316524
316802
317351
317666
317814
318196
318397
318498
318898
319196
319238
320088
320618
320895
321614
322189
322320
322780
323560
323632
323778
324223
324407
325334
325389
325487
326190
327444
327654
327707
327948
328098
328734
329233
329739
330031
330273
330287
330774
331080
331322
331664
331669
333456
333573
333592
334220
334774
334803
334970
335120
335147
335489
335667
335734
336449
336806
336880
337211
337497
338271
338534
338893
338992
339383
339402
340399
340487
340491
340729
340946
341104
342117
342322
342450
342948
343146
343406
343550
343970
344001
345483
345494
346304
346408
346609
347372
348212
348770
350406
350436
350558
350578
350865
350989
350995
351176
351249
351410
352297
353159
353508
353521
353882
354110
354731
354876
355073
355770
356088
357228
357523
357927
358179
358548
358896
358963
359560
359729
360028
360042
360342
360528
360694
360706
360837
361183
361227
361591
361663
362352
362626
363486
363658
365139
365571
366000
366658
366959
367295
367439
367460
368246
368351
368397
368466
368554
368588
368959
369001
369689
370011
370165
370365
370586
371389
371746
371827
372178
372315
372529
372613
372667
372799
372920
375266
375319
375334
375720
375879
376264
376280
376731
377180
378174
378291
378420
378521
378559
378596
378787
378959
379002
379130
379403
379518
379635
379652
380145
380358
381178
381592
381596
381758
381847
381872
382103
382834
383258
383394
383804
384073
384644
384680
385051
385392
385550
385594
385678
386465
386508
386843
386945
387007
387383
387976
388043
388341
388390
388441
388668
388755
388785
388870
388965
390217
390244
390367
390397
390567
390688
390697
390784
391742
391751
391800
391821
391861
391985
392047
392082
392419
392687
392724
392733
393190
393780
394213
394295
394746
395123
395161
395966
396629
396919
396973
397303
398145
398146
398635
398655
398808
398884
398964
399572
399798
399852
399961
400134
401122
401377
401464
401998
402217
402537
402957
403265
403396
403608
403867
404044
404339
405006
405399
405475
406359
406483
406767
406769
407000
408232
408547
408603
408845
409152
409650
410018
410116
410148
410175
410482
410502
410964
411077
411537
411706
412136
412770
413412
413704
413826
413919
414040
414177
414432
415168
415776
415789
416055
416205
416751
417023
417325
417416
417705
418603
418869
418985
419461
419529
419634
419920
420318
420383
420425
420629
420864
420978
421144
421342
421735
422239
422440
422670
422692
423318
423697
424286
424541
424706
425144
425159
425469
425563
425564
426070
426323
426371
426501
426574
426798
427161
427450
427697
429471
429877
430459
430815
431259
431467
431539
431762
432195
432236
432334
432339
432499
433239
433533
434534
434655
435226
435424
435922
436136
436432
436493
436934
437209
437598
437745
439394
439443
439567
439753
440247
440768
440856
441037
441191
441250
441472
441475
441667
441813
441814
442004
442080
442681
442814
443431
443460
443781
443970
444093
444146
444757
444882
445262
445291
445802
446541
446712
447563
447654
447930
448019
448043
448769
449263
449545
449925
450310
450429
450916
451107
451217
451256
451653
451942
452093
452127
452358
452614
452758
453135
453233
453753
453777
454132
454269
454563
455209
455454
455567
455668
455694
455698
456248
456706
456880
457179
457206
457387
457545
457992
458083
458448
458601
458983
459117
459161
459840
459858
460170
460289
460601
460658
460920
462112
462333
462589
462899
463074
463083
463139
463603
463792
463839
464458
464460
465008
465241
465355
465704
465975
466692
467923
468674
468846
469270
469376
469541
469667
469741
469954
469989
470290
470377
470451
471005
471061
471190
471305
473152
473208
473580
473684
473704
474000
474036
474320
474329
474569
474737
474767
475509
475770
476068
476147
476505
477342
477401
477521
478175
478388
479316
479783
480024
480072
480127
480724
480848
480959
481299
481370
483394
483823
484082
484104
484452
484481
484801
484828
485220
486567
487061
487351
487568
487703
487730
487882
488083
488157
488189
488723
489037
489253
489501
489592
490060
490830
491176
491469
491608
491818
491869
492169
492223
492546
492724
492922
493790
494354
494724
494936
495931
496136
496323
496334
496440
496509
496792
496819
497085
498263
498457
498551
498552
498726
498801
499232
499479
