-499960
-499651
-499593
-499538
-499521
-499502
-499492
-499484
-499165
-498998
-498974
-498712
-498467
-498360
-498049
-497904
-497797
-497575
-497565
-497483
-497419
-496918
-496882
-496699
-496589
-496422
-496316
-496283
-496182
-495864
-495848
-495825
-495756
-495746
-495734
-495594
-495567
-495492
-495351
-495300
-495215
-494933
-494829
-494673
-494558
-494365
-494346
-494117
-493860
-493787
-493775
-493684
-493534
-493439
-493170
-493164
-492948
-492863
-492709
-492695
-492658
-492635
-492595
-492579
-492513
-492279
-492278
-492137
-491790
-491570
-491507
-491484
-491394
-491350
-491154
-490776
-490708
-490703
-490275
-490251
-490108
-489970
-489633
-489614
-489586
-489417
-489362
-489309
-489162
-489140
-488905
-488803
-488603
-488416
-488344
-488335
-488246
-487850
-487764
-487516
-487072
-487007
-486580
-486529
-486313
-486273
-485983
-485948
-485882
-485689
-485637
-485584
-484925
-484901
-484865
-484648
-484644
-484455
-484196
-483974
-483932
-483888
-483781
-483677
-483602
-483500
-483481
-483168
-483156
-483013
-482902
-482671
-482648
-482513
-482509
-482367
-482233
-482127
-482058
-481969
-481737
-481628
-481360
-481337
-481159
-481029
-480866
-480797
-480642
-480624
-480558
-480554
-480470
-480318
-480287
-480181
-480131
-479882
-479863
-479819
-479743
-479617
-479582
-479456
-479210
-479198
-479169
-479044
-478974
-478948
-478919
-478911
-478742
-478558
-478214
-478172
-477758
-477699
-477634
-477563
-477470
-476750
-476486
-476441
-476252
-476243
-476195
-476140
-475955
-475951
-475878
-475530
-475450
-475052
-474660
-474616
-474295
-474286
-474190
-474171
-473994
-473955
-473907
-473879
-473146
-473009
-472771
-472642
-471993
-471632
-471332
-471141
-471061
-471037
-470937
-470855
-470698
-470639
-470629
-469932
-469789
-469711
-469474
-469393
-469375
-468775
-468578
-468387
-468232
-468200
-467829
-467791
-467733
-467570
-467454
-467363
-467065
-467051
-466543
-466259
-466217
-466198
-466131
-465920
-465872
-465639
-465253
-464991
-464798
-464724
-464601
-464541
-464424
-464414
-464209
-463674
-463560
-463548
-463445
-463089
-463057
-463013
-462751
-462642
-462586
-462545
-462347
-462286
-462207
-462171
-462026
-461889
-461748
-461676
-461577
-461339
-461190
-461053
-460820
-460798
-460407
-460273
-460233
-460230
-460220
-460103
-459806
-459716
-459561
-459509
-459329
-459249
-459036
-458869
-458706
-458392
-458340
-458004
-457999
-457757
-457470
-457250
-457244
-457114
-456898
-456718
-456621
-456451
-456286
-456240
-456202
-456151
-456115
-456054
-455922
-455634
-455437
-455266
-455107
-455089
-455083
-454999
-454862
-454356
-454325
-454195
-454156
-454122
-453859
-453471
-452987
-452818
-452797
-452755
-452709
-452667
-452606
-452405
-452346
-452325
-452262
-452065
-452062
-451919
-451758
-451739
-451688
-451651
-451416
-450882
-450854
-450789
-450782
-450766
-450471
-450412
-450353
-450226
-449834
-449576
-449477
-449093
-449085
-449069
-448808
-448799
-448759
-448717
-448512
-448266
-448038
-447696
-447585
-447472
-447439
-447404
-447324
-447176
-447136
-447001
-446903
-446236
-446212
-446067
-445910
-445533
-445408
-445025
-444866
-444637
-444384
-443955
-443315
-443242
-443238
-443095
-442566
-442315
-442280
-442200
-442179
-442099
-442049
-442024
-442020
-441343
-441325
-440743
-440542
-440524
-440504
-440179
-440142
-440050
-440015
-439937
-439227
-438635
-438449
-438448
-438237
-438230
-438201
-437944
-437919
-437637
-437607
-437591
-436860
-436838
-436617
-436497
-436469
-436394
-436369
-436331
-436310
-436210
-435998
-435960
-435953
-435894
-435704
-435623
-435575
-435451
-435206
-435189
-435049
-434993
-434760
-434645
-434600
-434563
-434525
-434299
-434261
-434241
-434186
-434047
-433978
-433764
-433734
-433631
-433343
-433342
-433248
-433223
-433149
-432862
-432751
-432714
-432563
-432399
-432024
-431793
-431700
-431655
-431631
-431562
-431165
-431144
-430851
-430665
-430591
-430522
-430502
-430267
-430239
-429958
-429928
-429687
-429647
-429471
-429369
-428997
-428962
-428642
-428379
-427944
-427391
-427388
-427192
-426978
-426805
-426375
-426369
-426040
-425956
-425893
-425751
-425265
-424982
-424966
-424898
-424841
-424706
-424402
-424124
-424112
-423917
-423696
-423608
-423403
-423071
-422931
-422234
-422190
-422189
-422050
-421992
-421795
-421723
-421382
-421361
-421209
-421142
-421073
-421029
-421015
-420969
-420913
-420756
-420527
-420467
-420385
-420139
-419882
-419427
-419097
-419029
-418865
-418331
-418302
-418157
-417930
-417901
-417874
-417871
-417839
-417756
-417688
-417450
-417331
-417272
-417081
-417044
-416837
-416834
-416785
-416742
-416683
-416600
-416411
-416350
-416141
-416038
-415908
-415759
-415636
-415626
-415347
-415094
-415081
-414999
-414391
-414124
-414047
-413864
-413377
-413350
-413294
-413176
-412628
-412564
-412191
-411913
-411901
-411888
-411884
-411828
-411587
-411492
-411347
-410973
-410854
-410398
-410295
-410264
-410008
-409993
-409974
-409921
-409737
-409552
-409345
-409341
-409195
-409076
-408902
-408859
-408836
-408796
-408758
-408702
-408549
-408383
-408153
-408116
-407706
-407705
-407701
-407483
-406954
-406908
-406853
-406850
-406695
-406693
-406649
-406636
-406584
-406548
-406382
-406368
-406287
-406192
-406162
-406002
-405904
-405815
-405803
-405797
-405734
-405669
-405479
-405474
-405426
-405363
-405263
-405076
-404764
-404673
-404672
-404480
-404413
-404132
-403748
-403700
-403672
-403566
-403194
-403145
-403070
-403021
-402842
-402660
-402386
-401937
-401874
-401849
-401660
-401551
-401416
-401371
-401158
-401134
-400993
-400661
-400587
-400551
-400541
-400507
-400499
-400473
-400411
-400297
-400086
-400039
-400027
-399402
-399383
-399283
-399175
-399096
-399065
-399046
-398821
-398688
-398262
-397688
-397662
-397603
-397581
-397471
-397443
-397271
-397226
-397007
-396876
-396737
-396683
-396184
-396071
-395985
-395649
-395567
-395554
-395124
-394943
-394928
-394926
-394218
-394030
-393888
-393887
-393758
-393742
-393597
-393590
-393433
-393423
-393053
-393043
-392848
-392470
-392462
-392199
-391906
-391852
-391802
-391763
-391725
-391528
-391253
-391117
-390879
-390493
-390235
-390015
-389962
-389407
-389106
-388925
-388891
-388499
-388310
-388203
-387944
-387798
-387362
-387348
-387221
-386654
-386595
-386505
-386308
-386268
-385450
-385381
-385304
-385278
-385265
-385134
-385075
-384898
-384848
-384710
-384555
-384534
-384419
-384313
-384097
-384021
-384014
-383980
-383868
-383833
-383652
-383641
-383601
-383521
-383327
-383324
-383234
-383124
-383046
-383018
-383012
-382961
-382868
-382595
-382434
-382194
-382143
-382076
-382067
-382047
-381950
-381894
-381845
-381576
-381349
-381138
-380980
-380977
-380976
-380699
-380590
-380531
-380317
-380269
-380263
-380221
-380195
-379830
-379760
-379727
-379553
-379255
-379130
-379111
-379067
-378965
-378931
-378896
-378517
-378468
-378376
-378333
-378040
-377907
-377720
-377673
-377344
-377314
-377238
-377185
-377123
-376943
-376938
-376528
-376514
-376327
-376249
-375954
-375868
-375770
-375768
-375703
-375694
-375687
-375168
-375143
-375072
-374915
-374689
-374526
-374018
-373537
-373447
-373226
-372937
-372858
-372821
-372803
-372748
-372672
-372554
-372488
-372265
-372187
-372182
-371999
-371892
-371750
-371746
-371484
-371332
-371285
-371047
-370816
-370654
-370457
-370293
-370111
-369860
-369511
-369488
-369408
-369318
-369133
-368985
-368804
-368584
-368453
-367887
-367805
-367767
-367716
-367641
-367419
-367367
-367104
-367024
-367003
-366892
-366796
-366779
-366720
-366615
-366546
-366505
-366396
-366086
-365349
-365177
-364964
-364783
-364782
-364586
-364581
-364576
-364553
-364546
-363992
-363936
-363881
-363731
-363418
-363402
-363342
-363204
-363091
-363007
-362916
-362905
-362730
-362628
-362490
-361942
-361908
-361779
-361751
-361676
-361536
-361500
-361444
-361349
-361292
-361267
-361163
-361127
-361065
-360935
-360854
-360781
-360653
-360573
-360033
-360013
-359913
-359737
-359528
-359525
-359499
-359480
-358931
-358710
-358611
-358134
-357881
-357777
-357730
-357569
-357558
-356921
-356636
-356546
-356541
-356386
-356266
-356094
-356069
-356055
-355888
-355262
-355236
-355162
-355144
-355101
-355035
-354711
-354356
-354140
-354045
-353961
-353949
-353838
-353786
-353630
-353547
-353522
-353506
-353283
-353249
-353241
-353149
-353136
-352966
-352934
-352846
-352687
-352417
-352232
-352015
-351937
-351854
-351622
-351568
-351511
-350584
-350337
-350313
-350016
-349938
-349891
-349824
-349228
-349207
-349073
-349020
-348220
-348089
-347947
-347536
-347245
-347000
-346701
-346567
-346335
-346134
-345900
-345850
-345729
-345512
-345509
-344920
-344806
-344595
-344309
-344139
-344001
-343939
-343923
-343791
-343722
-343244
-343233
-343185
-342996
-342868
-342650
-342635
-342495
-342456
-342426
-342273
-342082
-342072
-342058
-341838
-341802
-341724
-341192
-341188
-341135
-341116
-340786
-340752
-340543
-340527
-340510
-340331
-340234
-340224
-340026
-339720
-339351
-339172
-338967
-338860
-338661
-338607
-338605
-338085
-337931
-337857
-337636
-337503
-337445
-337201
-337080
-336981
-336423
-336400
-336359
-336348
-336249
-336217
-336116
-336112
-335848
-335693
-335326
-335307
-335283
-335054
-335031
-334971
-334964
-334818
-334782
-334547
-334403
-333996
-333835
-333749
-333689
-333580
-333507
-333120
-333036
-333015
-332881
-332836
-332615
-332607
-332411
-332206
-332180
-332094
-332060
-332043
-331605
-331362
-331012
-330806
-330805
-330798
-330792
-330770
-330509
-330507
-330377
-330292
-330218
-330210
-330160
-329839
-329810
-329491
-329369
-329310
-329189
-329098
-329059
-329002
-328999
-328965
-328489
-328468
-328446
-327748
-327684
-327613
-327603
-327309
-327301
-327296
-327260
-327163
-327157
-327085
-327022
-326941
-326650
-326571
-326274
-326041
-325961
-325872
-325665
-325494
-325022
-324882
-324824
-324752
-324684
-324585
-324250
-324089
-324028
-324021
-323817
-323716
-323618
-323584
-323406
-323130
-323068
-323048
-322963
-322852
-322847
-322825
-322759
-322702
-322286
-322040
-321517
-321410
-321305
-321299
-321226
-321209
-320863
-320824
-320688
-320554
-320441
-320296
-320266
-320242
-319994
-319830
-319588
-319393
-319355
-319300
-319280
-318989
-318982
-318824
-318560
-318455
-317851
-317360
-317213
-316945
-316781
-316082
-316004
-315769
-315369
-315358
-315237
-315047
-314990
-314893
-314739
-314724
-314542
-314510
-314368
-313853
-313770
-313758
-313595
-313091
-312823
-312516
-312481
-312425
-312354
-312331
-312247
-312086
-311989
-311972
-311850
-311839
-311598
-311548
-311505
-311316
-311137
-310969
-310937
-310740
-310614
-310473
-309987
-309882
-309616
-309460
-309433
-309264
-309049
-309008
-308966
-308777
-308499
-308326
-308281
-308158
-308121
-308109
-308013
-307900
-307562
-307221
-307109
-306974
-306971
-306774
-306746
-306658
-306621
-306314
-306081
-305992
-305861
-305818
-305679
-305615
-305373
-305211
-305202
-305166
-305071
-305039
-304807
-304788
-304408
-304334
-304312
-304300
-303943
-303782
-303741
-303662
-303637
-303522
-303014
-303005
-302821
-302585
-302109
-302015
-301492
-301478
-301428
-301399
-301324
-301254
-301019
-300980
-300959
-300635
-300634
-300447
-300426
-299963
-299842
-299777
-299584
-299488
-299432
-299342
-299178
-299160
-298985
-298701
-298665
-298450
-298350
-298290
-298090
-297955
-297941
-297213
-297205
-297201
-297142
-296697
-296465
-295848
-295772
-295687
-295657
-295650
-295553
-295411
-295228
-295149
-295120
-294874
-294704
-294649
-294228
-294080
-294060
-293916
-293721
-293110
-293092
-292839
-292660
-292548
-292515
-292367
-292122
-291978
-291326
-291199
-290888
-290834
-290761
-290598
-290367
-289907
-289724
-289334
-289188
-289095
-288933
-288546
-288526
-288287
-287985
-287924
-287831
-287762
-287719
-287320
-287140
-286928
-286923
-286815
-286708
-286653
-286587
-286549
-286392
-286082
-285875
-285737
-285061
-284893
-284829
-284816
-284120
-283915
-283814
-283752
-283703
-283645
-283514
-283493
-283381
-283293
-283084
-282811
-282721
-282617
-282601
-282519
-282440
-282218
-281925
-281896
-281769
-281589
-281563
-281458
-281070
-280934
-280766
-280707
-280677
-280183
-280050
-280010
-280000
-279939
-279858
-279846
-279770
-279720
-279586
-279415
-279310
-279030
-278843
-278833
-278711
-278653
-278475
-278303
-278264
-278090
-278076
-277896
-277828
-277757
-277574
-277536
-277420
-277242
-277213
-277151
-277074
-276815
-276592
-276164
-275737
-275665
-275471
-275443
-275392
-274793
-274715
-274693
-274574
-274505
-274208
-274132
-274038
-273964
-273943
-273935
-273691
-273686
-273477
-273439
-273311
-273055
-272981
-272694
-272637
-272604
-272494
-272483
-272378
-272288
-272261
-272134
-272122
-272050
-272048
-271950
-271866
-271806
-271611
-271535
-271263
-271186
-271101
-270890
-270706
-270695
-270199
-269869
-269784
-269660
-269639
-269136
-268828
-268676
-268591
-268587
-268525
-268237
-268028
-268023
-268010
-267797
-267748
-267518
-267516
-267426
-267320
-267223
-267161
-267127
-266022
-265767
-265598
-265428
-265372
-265163
-264964
-264706
-264668
-264624
-264447
-264414
-264192
-263971
-263954
-263931
-263888
-263637
-263530
-263463
-263406
-263396
-263385
-263208
-263065
-263050
-262915
-262472
-262387
-262254
-262102
-262051
-261929
-261910
-261639
-261609
-261528
-261525
-261511
-261490
-261415
-261280
-261059
-260891
-260532
-260531
-260213
-260176
-260099
-260060
-259963
-259481
-259457
-259309
-259147
-258876
-258845
-258635
-258615
-258597
-258596
-258319
-257706
-257629
-257586
-257556
-257171
-257032
-256880
-256868
-256790
-256776
-256680
-256470
-256382
-256062
-255983
-255842
-255679
-255571
-255334
-254921
-254758
-254732
-254655
-254273
-253898
-253685
-253653
-253609
-253594
-253577
-253440
-253134
-253133
-252941
-252938
-252891
-252633
-252567
-252549
-252509
-252448
-252246
-252128
-251807
-251761
-251690
-251682
-251612
-251544
-251522
-251334
-251300
-251298
-251268
-251130
-251066
-250953
-250922
-250883
-250824
-250724
-250536
-250479
-250120
-250054
-250047
-250029
-249783
-249770
-249656
-249403
-249281
-249222
-249205
-249169
-248892
-248853
-248268
-248049
-247741
-247628
-247596
-247444
-247409
-247214
-247091
-246903
-246874
-246856
-246791
-246700
-246491
-246331
-245923
-245700
-245657
-245545
-245415
-245312
-245259
-245252
-244557
-244538
-244492
-244381
-244184
-243812
-243515
-243428
-243410
-243353
-243282
-243259
-243168
-243123
-242916
-242826
-242588
-242582
-242571
-242460
-242295
-242257
-242196
-241865
-241847
-241263
-241255
-241190
-240979
-240948
-240908
-240787
-240770
-240619
-240594
-240500
-240290
-239823
-239777
-239703
-239624
-239518
-239093
-238920
-238855
-238668
-238603
-238575
-238567
-238364
-238169
-238056
-237716
-237702
-237278
-237164
-236618
-236608
-236306
-236159
-236016
-235860
-235743
-235539
-235394
-235037
-235012
-234900
-234850
-234831
-234754
-234732
-234680
-234581
-234497
-234131
-234115
-233720
-233660
-233607
-233518
-233367
-233204
-232992
-232883
-232847
-232811
-232768
-232742
-232643
-232480
-232432
-232404
-232345
-232298
-232294
-232080
-231889
-231403
-231352
-231027
-231018
-230870
-230387
-230118
-230060
-229892
-229802
-229660
-229575
-229522
-229498
-229423
-229291
-229175
-229128
-229088
-229045
-228842
-228788
-228709
-228698
-228492
-228304
-228119
-228010
-227965
-227665
-227660
-227332
-226561
-226543
-226453
-226450
-226068
-225971
-225667
-225617
-225407
-225352
-225217
-224993
-224968
-224952
-224917
-224726
-224579
-224354
-224324
-224236
-224115
-223873
-223771
-223513
-223447
-223412
-222874
-222869
-222840
-222687
-222388
-222312
-222182
-222140
-221860
-221565
-221555
-221472
-221274
-221226
-221145
-221103
-221048
-220670
-220630
-220575
-220369
-220328
-220191
-220087
-219989
-219982
-219953
-219465
-218790
-218668
-218376
-218135
-218025
-217789
-217716
-217654
-217647
-217637
-217550
-217365
-217279
-217150
-216933
-216815
-216658
-216560
-216232
-216117
-215333
-215268
-215181
-215038
-214957
-214939
-214899
-214803
-214750
-214564
-214343
-214233
-214221
-214171
-214125
-214113
-214015
-213984
-213436
-213390
-213200
-212841
-212800
-212714
-212595
-212576
-212550
-212438
-212410
-212327
-212138
-212102
-211977
-211647
-211525
-211459
-211307
-211255
-211154
-211119
-210739
-210708
-210686
-210439
-210103
-210001
-209962
-209809
-209582
-209494
-209395
-209357
-209259
-209228
-209026
-208693
-208366
-208212
-208199
-208124
-208104
-207954
-207877
-207856
-207843
-207309
-207275
-207149
-206882
-206696
-206653
-206609
-206600
-206450
-206372
-206322
-206179
-206151
-205863
-205822
-205542
-205460
-205454
-205389
-205317
-205282
-205181
-205063
-205022
-204995
-204951
-204853
-204727
-204712
-204567
-204433
-204343
-204277
-204241
-203852
-203455
-203401
-203335
-203246
-203157
-203154
-203124
-202831
-202502
-202499
-202494
-202214
-202081
-201723
-201534
-201237
-200862
-200790
-200412
-200397
-200118
-200090
-200000
-199966
-199832
-199661
-199609
-199513
-199380
-199369
-199223
-199116
-198970
-198874
-198747
-198481
-198433
-197827
-197395
-197074
-196691
-196621
-196542
-196270
-195714
-195565
-195404
-195337
-195148
-194838
-194771
-194414
-194267
-194216
-194161
-193789
-193434
-193314
-193019
-192780
-192603
-192418
-192416
-191796
-191784
-191388
-191082
-190805
-190778
-190716
-190624
-190542
-190375
-189549
-189547
-189199
-189178
-188969
-188685
-188277
-188206
-188132
-188131
-188071
-188001
-187985
-187786
-187777
-187704
-187684
-187654
-187454
-187319
-187303
-187267
-187191
-187099
-186930
-186867
-186739
-186703
-186702
-186570
-186492
-186328
-186143
-186077
-185913
-185897
-185628
-185459
-185418
-185403
-185262
-185023
-184807
-184804
-184704
-184703
-184113
-183903
-183793
-183343
-182250
-181791
-181692
-181299
-181239
-181110
-181022
-180981
-180900
-180496
-179856
-179718
-179681
-179677
-179580
-179572
-179254
-179152
-178906
-178809
-178696
-178694
-178628
-178609
-178287
-178098
-178086
-178034
-177796
-177606
-177220
-177163
-177135
-177086
-176877
-176859
-176687
-176654
-176544
-176503
-176502
-176309
-176265
-176262
-176230
-176081
-175947
-175925
-175914
-175901
-175793
-175707
-175441
-175373
-175349
-175131
-175112
-175067
-174912
-174587
-174557
-174420
-174183
-174063
-174057
-173976
-173690
-173523
-173307
-173140
-173070
-173068
-173027
-172896
-172782
-172760
-172696
-172510
-172456
-172389
-172348
-172209
-171841
-171736
-171729
-171555
-171520
-171501
-171445
-171434
-171055
-170695
-170489
-170386
-170362
-170107
-170085
-169968
-169637
-169567
-169521
-168984
-168962
-168870
-168795
-168775
-168640
-168571
-168336
-168101
-168027
-167980
-167956
-167731
-167632
-167585
-167494
-167213
-167164
-167069
-166924
-166903
-166900
-166568
-166135
-166059
-165600
-165527
-165474
-165450
-165264
-165129
-165019
-164953
-164780
-164544
-164339
-164009
-163958
-163811
-163730
-163510
-163321
-163223
-163183
-162906
-162835
-162816
-162717
-162692
-162622
-162364
-161276
-161273
-160956
-160557
-160451
-160442
-160437
-160111
-159804
-159783
-159300
-159238
-159088
-159084
-158868
-158815
-158554
-158526
-158179
-158128
-157988
-157674
-157672
-157439
-157403
-157377
-157314
-157285
-157193
-157067
-156812
-156633
-156591
-156587
-156385
-156259
-156203
-156082
-156020
-155861
-155810
-155577
-155473
-155147
-154880
-154747
-154527
-154237
-154178
-154122
-154044
-153988
-153974
-153942
-153779
-153738
-153677
-153596
-153441
-153345
-153289
-153106
-152885
-152790
-152553
-152541
-152476
-152366
-152229
-152028
-151823
-151743
-151662
-151505
-151459
-151065
-150738
-150706
-150701
-150693
-150630
-150619
-150605
-150568
-150302
-150233
-149851
-149614
-149436
-149193
-148928
-148797
-148770
-148712
-148580
-148542
-148375
-147925
-147824
-147761
-147720
-147533
-147374
-147358
-147203
-147121
-146925
-146808
-146474
-145973
-145903
-145876
-145582
-145240
-145088
-145085
-145020
-144690
-144654
-144598
-144435
-144174
-143657
-143553
-143450
-143207
-143062
-142849
-142799
-142793
-142642
-142395
-142366
-142176
-142152
-142124
-142118
-142082
-142046
-141782
-141359
-141245
-141075
-141018
-140934
-140485
-139979
-139966
-139865
-139756
-139552
-139426
-139311
-138452
-138408
-138204
-137978
-137780
-137734
-137502
-137309
-136639
-136600
-136387
-135950
-135946
-135875
-135637
-135205
-135119
-135100
-134734
-134609
-134342
-134319
-134214
-134045
-133946
-133858
-133832
-133458
-133353
-133315
-133304
-133040
-133032
-132952
-132746
-132722
-132653
-132391
-132328
-132263
-132111
-131917
-131767
-131766
-131643
-131574
-131315
-131269
-131245
-130875
-130747
-130645
-130630
-130359
-130319
-130316
-130247
-130116
-130077
-130036
-129123
-128891
-128652
-128421
-127981
-127874
-127764
-127420
-127204
-127015
-126827
-126713
-126605
-126548
-126514
-126493
-126466
-126424
-126361
-125842
-125556
-125517
-125426
-125412
-125409
-125152
-125144
-124991
-124916
-124883
-124869
-124478
-124149
-124085
-124077
-124045
-123983
-123982
-123633
-123527
-123465
-123419
-123314
-123011
-122776
-122766
-122494
-122148
-122067
-121578
-121371
-121124
-120966
-120900
-120823
-120377
-120036
-119984
-119874
-119772
-119756
-119743
-119676
-119623
-119471
-119430
-119416
-119375
-119334
-119042
-118486
-118394
-118218
-118196
-118186
-118152
-118097
-118096
-118074
-118007
-117892
-117889
-117767
-117703
-117682
-117610
-117489
-117481
-117290
-117231
-117103
-116932
-116783
-116525
-116494
-116330
-116308
-116307
-116226
-116186
-116154
-115784
-115665
-115618
-115527
-115444
-114780
-114621
-114597
-114333
-114255
-113989
-113983
-113862
-113775
-113725
-113520
-113493
-113465
-113266
-113166
-113131
-113035
-112870
-112794
-112552
-112537
-112521
-112141
-112093
-111885
-111864
-111829
-111630
-111603
-111516
-111459
-111410
-111298
-110761
-110757
-110691
-110331
-110255
-110081
-109873
-109760
-109685
-109649
-109444
-109308
-108769
-108695
-108359
-108352
-108282
-108105
-107904
-107758
-107754
-107730
-107696
-107504
-107389
-107363
-107035
-106811
-106455
-106144
-106071
-105900
-105799
-105733
-105613
-105435
-105177
-105139
-105137
-105117
-105088
-105079
-105023
-104835
-104814
-104039
-103972
-103610
-103557
-103118
-103085
-103061
-102756
-102632
-102539
-102189
-102081
-102069
-101934
-101902
-101805
-101796
-101119
-100915
-100843
-100817
-100816
-100785
-100589
-100283
-100234
-100188
-100170
-100002
-99977
-99653
-99531
-99508
-99350
-99319
-99240
-98830
-98796
-98419
-98301
-98059
-98058
-97783
-97730
-97622
-97604
-97102
-96230
-96157
-95912
-95486
-95474
-95370
-94849
-94702
-94559
-94533
-94394
-94302
-94257
-94240
-94179
-94141
-93939
-93541
-93513
-93402
-93361
-92899
-92848
-92186
-92168
-92018
-91709
-91543
-91426
-91404
-90903
-90832
-90589
-90389
-90366
-90219
-89902
-89763
-89723
-89566
-89425
-89410
-89273
-89252
-89050
-89013
-88679
-88158
-88052
-87809
-87753
-87615
-87608
-87537
-87416
-87304
-87132
-86971
-86887
-86586
-86444
-86283
-86265
-86252
-85862
-85553
-85429
-85327
-85229
-85147
-85120
-85083
-84803
-83999
-83794
-83731
-83628
-83333
-83099
-83075
-83002
-82965
-82481
-82442
-82298
-81998
-81866
-81820
-81812
-81542
-81276
-81269
-80922
-80857
-80683
-80574
-80143
-79852
-79153
-79017
-78760
-78434
-78161
-78001
-77914
-77707
-77704
-77230
-76833
-76784
-76597
-76545
-76329
-76222
-76048
-75970
-75785
-75645
-75315
-75273
-75095
-74976
-74965
-74766
-74476
-74368
-74357
-74270
-74154
-74030
-73801
-73484
-73224
-73223
-73046
-73031
-72853
-72352
-72100
-72029
-71852
-71704
-71617
-71295
-71085
-70951
-70314
-70234
-70177
-70095
-69806
-69779
-69757
-69515
-69496
-69435
-69213
-69145
-68942
-68541
-68433
-68294
-68256
-68091
-67989
-67893
-67880
-67562
-67331
-67317
-67239
-67143
-66952
-66661
-66634
-66469
-65854
-65791
-65686
-65506
-65247
-65233
-65126
-65097
-65090
-64639
-64567
-64501
-64352
-64302
-64293
-64082
-64050
-64020
-63908
-63866
-63667
-63592
-63092
-63053
-62522
-62431
-62231
-61972
-61969
-61722
-61546
-61471
-61454
-61326
-61298
-60940
-60741
-60715
-60645
-60642
-60575
-60305
-59970
-59803
-59704
-59660
-59412
-59374
-59270
-59240
-59053
-59002
-58912
-58898
-58824
-58767
-58573
-58488
-58222
-58135
-58120
-58053
-58045
-57833
-57712
-57578
-57189
-57132
-56825
-56807
-56793
-56531
-56494
-56484
-56416
-56319
-56302
-56150
-56148
-56067
-56036
-56004
-55945
-55475
-55435
-55261
-55190
-54669
-54462
-54336
-54083
-54062
-53996
-53953
-53690
-53319
-53306
-53208
-52909
-52812
-52730
-52435
-52352
-52160
-52132
-51643
-51294
-51119
-51049
-50711
-50685
-50508
-50362
-50284
-50266
-50174
-50137
-50016
-49881
-49730
-49569
-49498
-49007
-48718
-48326
-48305
-48242
-48156
-47872
-47725
-47723
-47513
-47486
-47402
-47301
-47110
-47052
-46957
-46903
-46686
-46627
-46554
-46454
-46441
-46431
-46337
-46210
-45906
-45612
-45560
-45532
-45432
-45304
-45178
-45054
-44954
-44696
-44319
-44280
-44278
-44125
-44000
-43924
-43814
-43803
-43598
-43401
-43246
-43161
-43143
-42989
-42728
-42603
-42568
-42473
-42275
-42219
-42085
-41845
-41840
-41129
-41077
-40990
-40827
-40645
-40626
-40604
-40347
-40307
-40060
-40052
-39880
-39748
-39556
-39502
-39362
-39336
-39334
-39005
-38843
-38787
-38656
-38636
-38369
-38361
-37795
-37501
-37127
-37062
-36827
-36693
-36663
-36529
-36451
-36265
-36114
-36018
-35714
-35684
-35548
-35519
-35517
-35422
-35110
-35088
-35042
-34647
-34289
-34144
-33918
-33768
-33742
-33637
-33352
-32932
-32929
-32608
-32568
-32375
-31881
-31838
-31730
-31581
-31514
-31481
-31017
-30938
-30884
-30721
-30310
-30251
-30033
-29896
-29781
-29649
-29394
-29324
-29239
-29136
-29098
-29094
-28609
-28586
-28547
-28499
-28495
-28218
-28003
-27947
-27750
-27643
-27446
-27265
-27257
-27232
-27218
-27199
-27181
-27151
-26863
-26839
-26198
-26175
-25989
-25831
-25640
-25521
-25422
-25407
-25391
-24840
-24808
-24801
-24683
-24586
-24498
-24377
-24181
-24143
-24113
-23912
-23844
-23692
-23653
-23533
-23442
-23361
-23172
-22933
-22927
-22914
-22846
-22640
-22419
-22264
-21947
-21809
-21736
-21411
-21293
-20996
-20857
-20829
-20812
-20593
-20448
-20204
-20070
-19784
-19714
-19650
-19344
-19330
-19101
-19077
-19069
-18653
-18558
-18528
-18368
-18298
-18200
-18007
-17966
-17851
-17785
-17141
-17096
-16976
-16851
-16783
-16644
-16227
-16164
-15943
-15804
-15717
-15705
-15493
-15439
-15276
-15102
-14920
-14433
-14146
-14117
-13920
-13529
-13430
-13099
-13075
-12762
-12620
-12509
-12381
-12306
-12259
-12234
-11961
-11956
-11869
-11786
-11273
-11256
-10818
-10737
-10529
-10424
-9625
-9594
-9543
-9297
-9290
-9095
-8984
-8615
-8558
-8270
-8074
-7886
-7839
-7764
-7694
-7550
-7377
-7367
-7075
-6945
-6701
-6413
-6319
-5780
-5583
-5306
-5056
-4965
-4670
-4612
-4395
-4294
-4157
-3981
-3781
-3667
-3578
-3076
-3038
-2985
-2878
-2788
-2656
-2526
-2475
-2454
-2427
-2392
-2386
-2344
-2253
-2172
-1862
-1703
-1388
-1307
-1211
-1196
-1110
-922
-778
-748
-703
-568
-501
-447
-297
-173
-133
-123
-95
10
123
146
190
397
442
520
591
604
691
733
796
1112
1264
1291
1300
1309
1431
1646
1848
2113
2128
2909
3118
3254
3481
3614
3786
3909
4132
4196
4225
4268
4287
4574
4722
4845
5068
5181
5323
5426
5532
5609
5722
5811
5863
6007
6086
6360
6364
6427
6478
6506
6713
6891
6939
7017
7471
7551
8091
8196
8550
8841
9107
9388
9411
9451
9647
10025
10041
10436
10667
10781
11223
11778
11919
12226
12241
12317
12720
13012
13021
13380
13401
13943
13993
14102
14891
15530
15545
15616
15890
15972
16175
16185
16250
16488
16510
16532
16637
17076
17345
18035
18231
18246
18422
18512
18549
18571
18695
18829
18841
19155
19290
19361
19587
20145
20224
20408
20497
20552
20730
20748
20866
21149
21162
21390
21681
21760
21769
21952
22068
22297
22338
22618
22664
22913
23196
23331
23510
23544
23636
23726
23925
24376
24429
24480
24523
24596
24632
24957
24958
25090
25106
25120
25128
25163
25353
25387
25438
26018
26109
26147
26314
26501
26588
26676
26715
27020
27156
27210
27493
27579
27630
28034
28298
28675
28926
29010
29146
29424
29534
29615
29674
29828
29838
30378
30760
30850
30926
30954
31350
31482
31899
31962
32535
32731
32794
32889
32964
33061
33093
33220
33406
33415
33437
33877
33968
33996
34014
34240
34268
34289
34372
34436
34555
34711
34812
34871
34908
34979
35213
35240
35806
36004
36190
36218
36296
36693
36828
37096
37266
37486
37539
37592
37962
38002
38121
38244
38491
38582
38642
38711
38915
39194
39361
39701
39709
39951
39981
40148
40176
40211
40787
41277
41296
41365
41382
41456
41548
41663
41986
42030
42041
42121
42156
42269
42286
42687
43123
43146
43215
43391
43405
43485
43557
43967
44097
44139
44175
44339
44439
44532
44635
44676
44739
44778
44814
44815
44887
44918
44947
44993
45077
45088
45162
45564
45613
45865
46092
46244
46670
46818
47868
47957
47973
48094
48160
48233
48238
48614
48806
48841
48851
49039
49046
49055
49308
49389
49504
49551
49748
49904
50231
50507
50575
50578
51019
51267
51304
51342
51521
51847
52026
52034
52130
52593
52938
53069
53467
53551
53672
53882
53917
53968
54050
54077
54179
54208
54391
54485
54601
54863
55125
55224
55249
55423
55536
55791
55946
56212
56240
56256
56415
56443
56558
56569
56705
56762
56849
57080
57145
57291
57733
57868
57969
57990
58091
58389
58584
58591
58593
58623
58652
58702
58796
58877
58991
59377
59481
59573
59672
59713
59714
59752
59794
59934
60130
60420
60509
60578
60716
60874
60898
60986
61248
61637
61826
61952
62328
62382
62427
62604
62611
62776
63044
63135
63677
64030
64040
64242
64322
64387
64531
64697
65073
65116
65299
65440
65522
65730
65731
65778
66037
66093
66320
66433
66518
66532
66556
66706
67168
67191
67250
67273
67330
67371
67453
67458
67848
67916
67938
67989
68072
68073
68087
68112
68284
68531
68532
68714
68732
68908
68940
68943
69069
69112
69216
69294
69417
69469
69589
69694
69729
69773
69834
69895
70016
70066
70094
70190
70301
70323
70449
70763
70764
70790
70824
70865
70957
71029
71447
71830
71832
72016
72204
72262
72337
72561
72605
72903
72973
73012
73431
73859
73892
74403
74624
74736
74776
75221
75329
75567
75670
75747
75811
76043
76166
76334
76385
76603
76809
76830
77193
77241
77309
77596
77703
78095
78297
78700
78795
78968
79012
79197
79698
79704
80227
80269
80315
80431
80584
80888
80976
81145
81676
81702
81826
81984
82101
82587
82704
82718
82760
82766
83082
83393
83623
83799
83917
84021
84333
84340
84535
84833
85355
85651
85798
85994
86717
86863
86886
87113
87126
87153
87166
87235
87563
87605
87612
87789
87834
87989
88097
88157
88228
88229
88281
88418
88427
88588
88609
88789
89017
89092
89308
89542
89730
89770
89826
90187
90191
90234
90316
90436
90437
90636
90656
90820
90923
90981
91064
91227
91296
91319
91496
91606
91699
91787
91817
91948
91966
92143
92188
92209
92310
93077
93085
93237
93376
93434
93473
93786
93840
94052
94107
94320
94342
94669
94677
94868
95304
95325
95645
95655
95702
96088
96202
96217
96377
96382
96408
96519
96528
96659
96681
97107
97136
97427
97865
97950
98026
98143
98216
98650
98943
99697
100047
100254
100363
100459
100493
100525
100772
100826
101173
101251
101330
101475
101505
101856
102001
102535
102554
102652
102771
102949
103019
103930
104298
104334
104509
104697
104726
104730
104866
104874
104877
104925
105082
105204
105807
105820
105891
106184
106780
106868
106995
107029
107496
107513
107569
107708
107718
107763
107838
108462
108855
108877
109077
109278
109288
109428
109493
109766
109888
110078
110172
110219
110327
110342
110417
110471
110473
110478
110491
110536
110668
110676
110783
111146
111424
111428
111624
111794
111880
112386
112430
112637
112701
112798
112998
113011
113047
113123
113152
113178
113518
113577
113903
113915
113948
113982
114154
114247
114305
114813
114867
115406
115451
115565
115660
115752
116264
116418
116631
116648
117078
117093
117304
117347
117411
117430
117439
117507
117646
117677
117870
117902
117924
118043
118325
118465
118978
119139
119192
119234
119432
119666
120292
120394
120518
120879
121055
121206
121307
121449
121980
122138
122273
122319
122530
122593
122629
122940
122949
123186
123296
123434
123597
123831
124146
124220
124451
124614
125152
125369
125382
125399
125624
125688
125723
125875
126186
126300
126361
126690
126780
126906
127109
127332
127557
127639
127806
127956
128088
128099
128293
128363
128490
128524
128802
129041
129046
129331
129432
129436
129577
129978
130144
130370
130390
130641
130665
130812
130946
131102
131179
131262
131403
131516
131750
131852
131879
132000
132057
132217
132583
132588
132720
132741
132763
132999
133035
133215
133263
133309
133410
133485
133519
133711
133789
133794
133867
133907
134022
134053
134071
134214
134517
134731
134865
135139
135479
135514
135567
136032
136134
136205
136304
136344
136382
136581
136597
136852
136929
137042
137064
137437
137495
137590
137645
137737
137840
137893
137923
137965
138091
138801
138978
139116
139126
139200
139223
139780
139894
139914
140103
140210
140227
140432
140487
140848
140903
141106
141301
141423
141780
141897
142041
142121
142169
142220
142226
142888
142936
143453
143503
143605
143733
143968
144009
144393
144697
144757
144789
144906
145099
145116
145145
145304
145494
145553
145611
145642
145878
145910
145985
146103
146330
146539
146583
146650
146742
146778
146888
147202
147485
147565
147756
148156
148177
148240
148691
148777
148933
149329
149425
149448
149538
149601
149782
149858
149943
149990
150407
150452
150513
150957
151126
151443
151528
151646
151769
151876
152001
152081
152138
152599
152686
152730
152797
152889
152925
153232
153545
153567
153624
153879
153882
153990
154109
154566
154826
155253
155283
155638
155870
155887
156176
156305
156598
156717
156790
156840
156842
156844
156915
157145
157172
157211
157226
157314
157599
157656
157761
157958
158090
158098
158195
158350
158530
158590
158604
158691
159116
159154
159173
159206
159442
159515
159665
159879
160551
160593
160667
160915
161181
161232
161275
161299
161804
161845
161975
162156
162414
162676
162778
162819
162860
163056
163627
163700
163869
163886
163902
164004
164033
164061
164120
164279
164367
164501
164570
164577
164652
164801
164875
165158
165178
165304
165382
165388
165529
165730
165776
165800
166128
166339
166388
166691
166833
166844
166884
166949
166961
167138
167238
167369
167479
167659
167850
168408
168436
168495
169263
169279
169310
169575
169616
169737
169845
170026
170137
170636
170653
170727
170867
171129
171146
171464
171574
171643
171860
171894
172176
172899
173049
173091
173252
173367
173468
173477
173594
173813
173927
174024
174061
174434
174591
174828
175034
175375
175601
175739
175795
176199
176365
176513
176551
176720
177030
177153
177295
177548
177563
177603
177654
177655
177905
178163
178205
178260
178391
178572
178621
178799
178852
178982
179028
179094
179239
179336
179448
179899
180171
180351
180424
180567
180646
180706
180892
181104
181139
181420
181429
181444
182174
182275
182563
182684
182731
182738
183312
183643
183836
183951
184008
184026
184058
184122
184130
184193
184361
184439
184465
184915
185004
185127
185189
185394
185610
185644
185687
185963
185988
186585
186686
186833
186889
187068
187757
187789
187827
188062
188160
188196
188298
188307
188338
188418
188497
188649
188862
188985
189097
189251
189252
189389
189403
189440
189615
189647
189657
190367
190647
190857
191002
191016
191233
191278
191380
191593
192008
192147
192299
192456
192660
192800
192904
192906
193056
193275
193459
193687
193795
193999
194116
194280
194332
194348
194422
194856
194921
194979
195264
195466
195565
195852
195909
196189
196595
197247
197379
197404
197781
197810
197979
198126
198302
198311
198505
198518
198520
198597
198611
198617
199121
199400
199429
199509
199598
199619
199785
199949
200052
200107
200124
200165
200353
200419
200550
200595
200670
200813
201017
201056
201262
201274
201352
201540
201845
201939
201940
202032
202088
202527
202736
202877
203114
203159
203462
203463
204139
204536
204825
204868
205127
205185
205360
205466
205498
205658
205739
205770
205856
206039
206068
206148
206164
206260
206311
206471
206477
206656
206869
206917
207302
207335
207397
207476
207492
207579
207677
207798
207900
208232
208277
208322
208333
208375
208612
208806
208872
209010
209052
209141
209319
209592
209760
209837
209917
210214
210239
210281
210362
210451
210523
210654
211013
211032
211387
211451
211456
211478
211546
211611
211804
211920
211942
212441
212604
212777
213015
213212
213219
213379
213412
213570
213813
214263
214610
214683
214891
215043
215083
215112
215247
215346
215573
215875
216016
216061
216107
216234
216441
216848
217059
217139
217294
217565
217624
217654
217833
217894
218272
218357
218647
218678
218742
218796
218798
218949
219236
219352
219527
219544
219631
219682
219810
219902
219950
220037
220052
220141
220225
220327
220401
220421
220814
221189
221245
221329
221350
221544
221602
221613
221722
221888
222718
222843
222888
222908
223297
223307
223380
223600
223756
224232
224573
224918
225175
225649
225751
226203
226212
226368
226661
226716
226855
226951
227030
227063
227087
227294
227329
227534
228023
228258
228321
228420
228548
228767
228800
228861
228901
228949
228987
229271
229358
229581
229972
230141
230319
230433
230506
230553
230733
230886
231024
231064
231266
231311
231604
231706
231931
232068
232804
233251
233341
233527
233578
233648
233669
233796
234119
234198
234226
234227
234259
234516
234536
234582
234604
234782
235102
235166
235214
235302
235336
235535
235611
235803
235912
236022
236049
236241
236361
236487
236527
236668
236876
236880
237080
237525
237754
237862
237925
238198
238454
238555
238645
238925
238951
239022
239162
239469
239586
239862
240011
240147
240370
240513
240662
240773
240795
240994
241096
241335
241386
241749
241822
241842
241920
241955
241971
242034
242103
242137
242149
242252
242289
242368
242449
242457
242663
242722
242766
243076
243084
243186
243196
243202
243323
243407
243421
243432
243455
244186
244266
244467
244550
244659
244969
245021
245280
245442
245452
245612
245662
246142
246230
246241
246285
246808
246955
247102
247188
247637
247804
248324
248396
248446
248456
248475
248498
248588
248597
248885
248942
249010
249407
249479
249527
249692
249841
249973
250156
250458
250492
250983
251075
251239
251605
251623
251694
251732
251903
251958
252024
252583
252678
252834
252892
252925
253117
253141
253193
253474
253612
253660
253916
254060
254228
254358
254413
254489
254765
254800
255341
255797
256171
256251
256259
256265
256276
256285
256433
256574
256690
256730
257404
257413
257477
257575
257761
257785
258153
258449
258519
258579
258657
258693
258879
258968
259131
259550
259604
259672
259769
259807
260024
260207
260217
260363
260571
260739
261081
261239
261320
261352
261555
261735
261854
261885
261927
262289
262589
262599
262984
263110
263139
263411
263619
263763
263800
263813
263890
263996
264130
264506
264510
264711
264857
264966
264985
265272
265303
265325
265383
265401
265591
265710
265841
265877
265881
265895
265978
266177
266310
266388
266582
266596
266667
266806
266912
266977
267083
267171
267254
267299
267420
267526
267829
267966
267977
268084
268098
268147
268192
268194
268319
268336
268453
268706
268710
268726
268813
268910
269198
269236
269615
269730
269866
269888
270043
270105
270113
270117
270285
270363
270505
270587
270658
270743
270831
271078
271167
271281
271389
271456
271649
272143
272192
272199
272214
272422
272474
272477
272557
272567
272836
273071
273076
273191
273306
273415
273478
273626
273673
273678
273772
273797
274339
274356
274426
274440
274560
274744
274916
274920
275035
275142
275373
275598
275714
275748
275764
275823
275949
276585
276640
276803
277083
277103
277188
277207
277442
277480
277793
278440
278478
278823
278990
279037
279106
279169
279539
279542
279611
279686
279796
279862
280178
280189
280242
280270
280283
280450
280500
280571
280754
280900
281137
281209
281336
281350
281565
281710
281826
282017
282028
282049
282274
282496
282569
282697
282719
282920
283628
283729
283741
284002
284121
284820
285028
285326
285350
285426
285734
285740
285769
285868
286193
286314
286319
286479
286482
286527
286763
286789
286801
286854
286914
286953
287366
287477
287480
287762
287780
287886
287977
287994
288042
288128
288139
288163
288364
288412
288538
288563
289157
289224
289246
289589
289671
289914
289945
289955
290313
290319
290644
290763
291462
291474
291554
291569
291588
291712
291727
292153
292196
292222
292405
292420
292499
292785
293061
293237
293277
293762
293852
294781
294810
295080
295173
295204
295247
295410
295486
295580
295596
295603
295990
296186
296354
297045
297233
297487
297598
297609
297727
297940
298222
298239
298557
298629
298647
298824
298909
298948
299412
300243
300465
300634
300689
301027
301159
301774
301850
302122
302304
302433
302975
303029
303137
303152
303281
303598
303713
303762
303764
303889
303976
304003
304403
304582
304733
304910
305420
305592
305705
305883
306095
306174
306176
306359
306496
306733
306823
306948
307115
307478
307485
307565
307607
307636
307803
307810
307814
308059
308186
308539
308542
308552
308592
308602
308654
308779
309293
309393
309462
309560
309764
309901
309930
310065
310330
310440
310462
310517
310795
310850
310852
310951
311084
311093
311186
311285
311408
311639
311696
311738
311919
312086
312214
312307
312448
312634
312668
312761
312859
312919
312936
312987
313021
313144
313172
313409
313484
313541
313850
313872
313955
314002
314319
314334
314337
314430
314490
314550
314617
314715
315206
315427
315449
315463
315618
315738
315933
315948
316291
316407
316524
316569
316802
316997
317107
317278
317351
317534
317666
317814
318196
318336
318397
318433
318468
318492
318498
318837
318898
319087
319196
319238
319267
319448
319611
319660
319987
320088
320399
320612
320618
320895
320908
321321
321614
322099
322189
322251
322320
322550
322780
323519
323560
323632
323778
324223
324407
324688
324857
324884
325255
325269
325334
325389
325487
326190
326220
326423
326690
327135
327253
327352
327444
327547
327648
327654
327707
327948
328067
328098
328134
328588
328595
328640
328703
328734
328813
328871
328918
329023
329233
329445
329474
329739
330031
330273
330287
330388
330743
330774
331080
331322
331664
331669
331671
331728
331926
331956
332349
332657
333179
333456
333543
333573
333592
333692
334194
334220
334609
334611
334680
334774
334803
334913
334970
334971
335015
335095
335103
335116
335120
335147
335252
335260
335399
335415
335489
335667
335688
335734
336001
336057
336138
336449
336609
336697
336806
336841
336880
336901
337020
337211
337353
337497
337535
337682
338271
338299
338534
338893
338992
339383
339402
340048
340056
340130
340399
340487
340491
340529
340729
340818
340946
341104
341203
341253
341467
341775
342117
342121
342322
342329
342450
342948
343146
343406
343485
343510
343550
343621
343810
343970
344001
344445
344580
345025
345046
345483
345494
346095
346269
346304
346408
346609
346663
346816
347007
347365
347372
347790
348149
348212
348334
348474
348710
348725
348730
348770
349022
349452
349638
350044
350406
350436
350558
350578
350859
350865
350952
350989
350995
351015
351176
351249
351328
351410
351541
352006
352066
352236
352297
352342
352666
352743
353159
353218
353508
353521
353641
353882
354056
354110
354632
354672
354731
354845
354876
354938
355021
355073
355304
355770
355992
356088
356347
356531
357228
357523
357927
358179
358269
358548
358750
358896
358963
359161
359560
359729
360028
360042
360187
360201
360342
360528
360622
360631
360694
360706
360837
360924
361183
361184
361227
361321
361587
361591
361663
361733
361919
361982
362026
362352
362514
362626
362959
363193
363486
363658
364557
364563
364635
365139
365267
365290
365571
365897
366000
366178
366371
366596
366658
366875
366959
367295
367439
367460
367603
368202
368246
368351
368397
368466
368554
368588
368619
368959
368969
369001
369656
369689
369757
369864
370011
370061
370072
370094
370165
370365
370483
370485
370586
370674
371389
371746
371827
372067
372142
372178
372273
372315
372450
372529
372613
372614
372667
372799
372920
373155
373283
373968
374210
374323
374633
374849
375034
375090
375102
375155
375266
375319
375334
375633
375686
375720
375722
375879
376093
376123
376264
376280
376543
376616
376731
377180
377508
377577
377621
378082
378174
378273
378291
378420
378444
378476
378521
378559
378571
378596
378787
378959
379002
379130
379222
379403
379444
379518
379635
379652
379999
380145
380247
380305
380358
380697
380735
380897
381178
381366
381592
381596
381652
381758
381847
381872
382054
382103
382489
382508
382834
382844
383258
383394
383546
383590
383804
384037
384073
384278
384620
384644
384680
385051
385392
385510
385550
385594
385678
385723
386194
386465
386508
386629
386843
386945
387007
387020
387086
387383
387436
387976
388043
388221
388341
388390
388441
388599
388668
388755
388777
388785
388786
388870
388901
388965
389083
389194
390097
390098
390217
390244
390248
390367
390397
390516
390567
390590
390688
390697
390784
391420
391742
391751
391800
391821
391861
391985
392047
392082
392419
392534
392687
392715
392724
392733
393190
393720
393780
394027
394200
394213
394295
394533
394746
394776
395123
395161
395966
396017
396036
396200
396536
396629
396919
396973
397053
397303
397836
397862
397980
398031
398145
398146
398635
398655
398808
398884
398942
398964
399020
399171
399318
399572
399652
399798
399852
399961
400110
400134
400230
400461
400941
401105
401122
401377
401464
401932
401998
402019
402217
402246
402267
402441
402537
402593
402928
402957
403265
403396
403513
403608
403867
403883
403969
404038
404044
404339
404711
405006
405061
405267
405271
405399
405475
405615
405763
405832
405865
406086
406359
406483
406767
406769
406917
407000
407239
407477
407958
408232
408381
408443
408547
408603
408672
408723
408845
409152
409420
409429
409484
409510
409650
409979
410018
410116
410148
410175
410482
410502
410964
411061
411077
411253
411465
411537
411706
411934
412136
412311
412320
412349
412432
412731
412770
412789
412847
412917
413369
413412
413704
413727
413826
413919
413973
414040
414177
414306
414368
414369
414432
414512
415091
415168
415504
415639
415698
415776
415789
416055
416205
416394
416505
416576
416751
416820
416850
416976
417023
417325
417416
417530
417538
417583
417672
417705
417818
418046
418434
418524
418603
418681
418869
418985
419073
419145
419186
419192
419435
419461
419529
419634
419920
420041
420052
420318
420383
420425
420554
420579
420629
420777
420864
420978
421144
421342
421735
422239
422440
422572
422670
422692
422761
422983
423318
423697
423996
423998
424286
424386
424425
424541
424665
424706
425144
425159
425234
425256
425403
425469
425525
425563
425564
425669
425718
425870
426009
426070
426323
426371
426501
426574
426691
426798
426835
427161
427450
427697
427784
428306
428401
428647
429471
429778
429877
429957
430459
430608
430635
430730
430815
430827
431259
431462
431467
431539
431583
431628
431762
431849
431859
432131
432195
432236
432334
432339
432499
432518
432702
432714
432929
432970
433239
433533
433663
434140
434511
434534
434616
434655
435226
435308
435424
435823
435911
435922
435998
436136
436194
436432
436445
436493
436566
436934
437119
437201
437209
437493
437598
437639
437745
437793
437942
438126
438151
438336
438373
439325
439394
439443
439567
439753
440247
440513
440518
440616
440709
440768
440818
440856
441037
441168
441191
441250
441333
441472
441475
441617
441667
441813
441814
442004
442080
442134
442681
442814
443431
443460
443719
443781
443970
443990
444004
444093
444146
444406
444756
444757
444882
445153
445262
445291
445603
445802
446302
446477
446493
446541
446712
446811
446890
447161
447468
447521
447563
447654
447772
447814
447930
448019
448043
448558
448701
448717
448769
449153
449263
449303
449545
449854
449925
449983
449996
450145
450277
450310
450429
450579
450916
450987
451107
451151
451177
451217
451256
451453
451592
451653
451901
451942
452093
452127
452212
452358
452614
452758
452762
452803
452957
453135
453196
453233
453441
453670
453753
453777
454094
454132
454241
454269
454563
455209
455263
455285
455454
455467
455567
455668
455694
455698
455810
455820
456053
456057
456248
456295
456354
456438
456706
456880
457179
457206
457214
457387
457545
457773
457891
457992
458083
458448
458601
458983
459117
459161
459390
459487
459840
459858
459903
460105
460170
460187
460289
460583
460601
460621
460658
460920
460974
461194
461290
461555
461816
462112
462152
462333
462589
462736
462899
463074
463083
463139
463197
463257
463259
463493
463603
463792
463839
463869
463891
464209
464324
464458
464460
464694
464702
465008
465241
465350
465355
465515
465698
465704
465975
466692
466701
467370
467401
467923
467965
468151
468453
468674
468729
468846
469022
469202
469266
469270
469376
469541
469667
469741
469954
469989
470290
470377
470451
470917
470955
471005
471061
471190
471305
471738
472061
472230
472277
473152
473208
473440
473474
473580
473610
473684
473704
474000
474036
474320
474329
474378
474385
474569
474628
474737
474767
475073
475509
475770
476068
476108
476147
476154
476282
476505
476562
477342
477371
477401
477521
477805
478077
478175
478388
478663
478702
479020
479316
479368
479783
479957
480024
480072
480127
480323
480608
480724
480848
480959
481189
481299
481327
481370
481540
481684
481794
482008
482369
483258
483394
483550
483576
483589
483823
484007
484068
484082
484104
484108
484235
484314
484452
484481
484801
484828
485083
485220
485294
485712
485929
486567
487061
487351
487375
487378
487514
487568
487597
487703
487730
487854
487882
487990
488074
488083
488114
488157
488189
488359
488560
488723
488872
489035
489037
489183
489253
489501
489592
489909
489994
490060
490733
490830
491052
491152
491176
491263
491401
491469
491495
491608
491782
491818
491869
491972
492015
492118
492152
492169
492223
492537
492546
492724
492900
492922
493368
493790
493836
494019
494297
494354
494372
494565
494722
494724
494818
494936
495092
495118
495128
495299
495758
495918
495931
496136
496256
496323
496334
496440
496509
496689
496720
496792
496819
497085
497441
497685
498143
498148
498211
498263
498457
498551
498552
498726
498801
498891
499083
499084
499232
499479
499917
