-499960
-499651
-499593
-499538
-499521
-499502
-499492
-499484
-499332
-499165
-498998
-498974
-498712
-498694
-498467
-498360
-498049
-497904
-497843
-497797
-497575
-497565
-497483
-497419
-496958
-496918
-496882
-496868
-496699
-496589
-496456
-496422
-496316
-496283
-496182
-495864
-495848
-495825
-495756
-495746
-495734
-495731
-495594
-495567
-495492
-495351
-495300
-495215
-495044
-494933
-494829
-494673
-494558
-494522
-494469
-494365
-494346
-494342
-494117
-493987
-493860
-493787
-493775
-493684
-493534
-493439
-493170
-493164
-492948
-492863
-492709
-492695
-492658
-492635
-492595
-492579
-492559
-492513
-492279
-492278
-492137
-491962
-491924
-491878
-491790
-491671
-491570
-491507
-491484
-491394
-491350
-491154
-490776
-490743
-490708
-490703
-490275
-490251
-490108
-489970
-489695
-489633
-489614
-489608
-489586
-489462
-489417
-489362
-489309
-489162
-489140
-488905
-488803
-488661
-488603
-488416
-488344
-488335
-488246
-487850
-487764
-487516
-487173
-487072
-487007
-487005
-486931
-486580
-486529
-486313
-486273
-485983
-485948
-485894
-485882
-485832
-485766
-485689
-485637
-485584
-485376
-485126
-485118
-484925
-484901
-484865
-484648
-484644
-484602
-484455
-484196
-483974
-483932
-483888
-483781
-483677
-483602
-483500
-483481
-483476
-483282
-483258
-483168
-483156
-483013
-482902
-482671
-482648
-482514
-482513
-482509
-482405
-482367
-482233
-482127
-482058
-482037
-482007
-481969
-481758
-481737
-481628
-481495
-481360
-481341
-481337
-481206
-481171
-481159
-481119
-481029
-480936
-480866
-480797
-480765
-480748
-480735
-480642
-480624
-480558
-480554
-480470
-480318
-480287
-480181
-480131
-480019
-479931
-479882
-479863
-479819
-479743
-479675
-479617
-479582
-479466
-479456
-479247
-479210
-479200
-479198
-479169
-479044
-478974
-478948
-478919
-478911
-478742
-478608
-478558
-478383
-478276
-478214
-478172
-477758
-477699
-477634
-477563
-477470
-477410
-477264
-476750
-476486
-476441
-476252
-476243
-476195
-476140
-475955
-475951
-475881
-475878
-475711
-475530
-475472
-475463
-475450
-475259
-475052
-474665
-474660
-474616
-474295
-474286
-474190
-474171
-474052
-473994
-473966
-473955
-473907
-473879
-473817
-473364
-473322
-473290
-473146
-473009
-472771
-472755
-472726
-472668
-472642
-471993
-471959
-471632
-471503
-471479
-471444
-471332
-471176
-471141
-471061
-471037
-470937
-470855
-470698
-470639
-470629
-470591
-470539
-470487
-470396
-470367
-470046
-469932
-469789
-469711
-469672
-469474
-469393
-469376
-469375
-469126
-469027
-468775
-468594
-468578
-468477
-468433
-468387
-468232
-468200
-468063
-468046
-468015
-467829
-467791
-467733
-467570
-467454
-467363
-467065
-467051
-467005
-466543
-466496
-466431
-466289
-466259
-466217
-466198
-466131
-465920
-465872
-465671
-465639
-465253
-465188
-465013
-464991
-464900
-464798
-464724
-464720
-464601
-464543
-464541
-464424
-464414
-464209
-463969
-463674
-463610
-463560
-463548
-463445
-463089
-463057
-463013
-462751
-462642
-462586
-462545
-462347
-462305
-462286
-462207
-462171
-462026
-461889
-461748
-461676
-461577
-461339
-461337
-461321
-461193
-461190
-461108
-461053
-460820
-460803
-460798
-460629
-460407
-460363
-460273
-460233
-460230
-460220
-460103
-460085
-460057
-459922
-459806
-459716
-459713
-459561
-459509
-459456
-459449
-459329
-459249
-459070
-459036
-458869
-458803
-458722
-458706
-458557
-458392
-458340
-458281
-458004
-457999
-457861
-457757
-457470
-457463
-457395
-457250
-457244
-457114
-456898
-456718
-456621
-456451
-456376
-456286
-456255
-456241
-456240
-456202
-456151
-456115
-456108
-456054
-455922
-455796
-455634
-455611
-455437
-455266
-455107
-455089
-455083
-454999
-454937
-454862
-454799
-454631
-454502
-454356
-454325
-454195
-454156
-454122
-453859
-453471
-453459
-453417
-453085
-453038
-452987
-452892
-452818
-452797
-452770
-452755
-452709
-452667
-452606
-452477
-452405
-452346
-452325
-452262
-452150
-452096
-452065
-452062
-451919
-451758
-451739
-451700
-451688
-451651
-451578
-451416
-451377
-451375
-451341
-450882
-450855
-450854
-450789
-450782
-450766
-450664
-450471
-450412
-450353
-450277
-450227
-450226
-449834
-449682
-449603
-449576
-449502
-449477
-449402
-449093
-449085
-449081
-449069
-448808
-448799
-448759
-448717
-448512
-448360
-448266
-448148
-448038
-447696
-447585
-447472
-447439
-447434
-447413
-447404
-447324
-447176
-447148
-447136
-447067
-447038
-447001
-446988
-446974
-446950
-446903
-446456
-446402
-446236
-446212
-446067
-445910
-445533
-445446
-445408
-445275
-445157
-445129
-445025
-444954
-444866
-444637
-444384
-444183
-443955
-443558
-443315
-443242
-443238
-443095
-442925
-442566
-442315
-442280
-442200
-442179
-442099
-442049
-442024
-442020
-441950
-441534
-441470
-441450
-441343
-441325
-441246
-441041
-440916
-440743
-440542
-440524
-440504
-440373
-440322
-440179
-440142
-440050
-440015
-439964
-439937
-439664
-439496
-439227
-438946
-438635
-438579
-438449
-438448
-438237
-438230
-438201
-438105
-437944
-437919
-437831
-437759
-437637
-437607
-437591
-437556
-437494
-437354
-437195
-437114
-436921
-436860
-436838
-436725
-436617
-436497
-436469
-436394
-436369
-436350
-436331
-436310
-436299
-436210
-435998
-435960
-435953
-435894
-435889
-435709
-435704
-435627
-435623
-435575
-435451
-435248
-435206
-435189
-435049
-434993
-434842
-434760
-434750
-434645
-434600
-434563
-434525
-434299
-434261
-434241
-434186
-434108
-434047
-433978
-433764
-433734
-433631
-433343
-433342
-433248
-433223
-433149
-432862
-432797
-432780
-432751
-432714
-432563
-432399
-432271
-432260
-432024
-431793
-431700
-431655
-431631
-431562
-431165
-431146
-431144
-430942
-430851
-430797
-430666
-430665
-430591
-430522
-430502
-430267
-430239
-429958
-429928
-429687
-429647
-429471
-429369
-429272
-428997
-428962
-428642
-428379
-428352
-427944
-427699
-427569
-427391
-427388
-427192
-426978
-426805
-426724
-426426
-426375
-426369
-426324
-426256
-426040
-425956
-425893
-425751
-425584
-425265
-424982
-424966
-424898
-424841
-424706
-424464
-424402
-424327
-424124
-424112
-424005
-423958
-423917
-423780
-423775
-423696
-423608
-423560
-423403
-423071
-422931
-422367
-422281
-422234
-422190
-422189
-422102
-422050
-421992
-421795
-421723
-421607
-421423
-421409
-421395
-421382
-421361
-421209
-421142
-421073
-421029
-421015
-420969
-420913
-420872
-420784
-420770
-420756
-420710
-420527
-420467
-420385
-420218
-420139
-419882
-419552
-419440
-419427
-419285
-419097
-419062
-419054
-419029
-419011
-418889
-418865
-418633
-418331
-418316
-418302
-418157
-418124
-418089
-417930
-417901
-417874
-417871
-417839
-417756
-417688
-417669
-417499
-417450
-417331
-417272
-417192
-417081
-417044
-416837
-416834
-416785
-416742
-416704
-416683
-416600
-416595
-416411
-416350
-416141
-416038
-415908
-415846
-415759
-415636
-415626
-415427
-415347
-415127
-415094
-415081
-415069
-415042
-414999
-414391
-414171
-414124
-414047
-413864
-413377
-413350
-413294
-413176
-412628
-412564
-412191
-412152
-412103
-412023
-411914
-411913
-411901
-411888
-411884
-411828
-411657
-411587
-411492
-411347
-410973
-410854
-410398
-410295
-410264
-410008
-409993
-409974
-409921
-409737
-409694
-409670
-409552
-409345
-409341
-409195
-409076
-408902
-408859
-408836
-408796
-408758
-408726
-408702
-408670
-408549
-408383
-408153
-408116
-407706
-407705
-407701
-407483
-407085
-407061
-406954
-406908
-406853
-406850
-406823
-406695
-406693
-406649
-406636
-406584
-406548
-406382
-406368
-406346
-406287
-406192
-406162
-406146
-406031
-406002
-405904
-405815
-405803
-405797
-405734
-405669
-405568
-405479
-405474
-405426
-405363
-405300
-405280
-405263
-405182
-405176
-405076
-404764
-404673
-404672
-404668
-404480
-404413
-404132
-403959
-403799
-403748
-403700
-403672
-403566
-403469
-403382
-403332
-403194
-403145
-403070
-403021
-402842
-402660
-402641
-402451
-402386
-402118
-401963
-401937
-401874
-401849
-401682
-401661
-401660
-401551
-401416
-401371
-401158
-401134
-400993
-400661
-400587
-400551
-400541
-400536
-400507
-400499
-400489
-400473
-400462
-400411
-400297
-400086
-400039
-400027
-399819
-399532
-399402
-399383
-399283
-399175
-399096
-399065
-399046
-399019
-398821
-398688
-398537
-398262
-398175
-398076
-397793
-397688
-397666
-397662
-397603
-397581
-397471
-397456
-397443
-397271
-397226
-397170
-397023
-397007
-396876
-396737
-396683
-396317
-396184
-396071
-395996
-395985
-395927
-395683
-395649
-395567
-395554
-395465
-395314
-395124
-395081
-394970
-394955
-394943
-394928
-394926
-394279
-394276
-394218
-394030
-393918
-393888
-393887
-393778
-393758
-393742
-393597
-393590
-393433
-393423
-393212
-393204
-393053
-393043
-392848
-392731
-392470
-392462
-392241
-392199
-392069
-391906
-391852
-391802
-391763
-391734
-391725
-391678
-391658
-391528
-391511
-391491
-391474
-391369
-391253
-391117
-391113
-390879
-390704
-390548
-390493
-390389
-390235
-390015
-389962
-389802
-389628
-389425
-389407
-389106
-388925
-388891
-388829
-388619
-388615
-388499
-388310
-388203
-387944
-387798
-387705
-387488
-387424
-387362
-387348
-387221
-386999
-386813
-386654
-386595
-386505
-386497
-386308
-386268
-385450
-385381
-385304
-385278
-385265
-385134
-385075
-384898
-384848
-384836
-384710
-384555
-384534
-384419
-384313
-384097
-384050
-384039
-384021
-384014
-383980
-383868
-383833
-383679
-383652
-383641
-383601
-383521
-383335
-383327
-383324
-383234
-383124
-383109
-383046
-383026
-383018
-383012
-382977
-382961
-382868
-382595
-382516
-382442
-382434
-382413
-382293
-382194
-382143
-382076
-382067
-382047
-382029
-381950
-381929
-381894
-381845
-381756
-381684
-381680
-381576
-381543
-381349
-381138
-381000
-380980
-380977
-380976
-380885
-380827
-380699
-380613
-380590
-380531
-380317
-380269
-380263
-380221
-380195
-380066
-379871
-379830
-379760
-379727
-379553
-379255
-379130
-379111
-379067
-379059
-379023
-378965
-378931
-378896
-378567
-378517
-378471
-378468
-378446
-378376
-378333
-378091
-378040
-377956
-377949
-377907
-377760
-377720
-377673
-377344
-377314
-377239
-377238
-377185
-377123
-377103
-377074
-376990
-376943
-376938
-376917
-376528
-376514
-376327
-376319
-376249
-376158
-376084
-376057
-375954
-375868
-375859
-375793
-375770
-375768
-375735
-375703
-375694
-375687
-375299
-375168
-375149
-375143
-375106
-375072
-374915
-374689
-374611
-374526
-374332
-374018
-373584
-373565
-373537
-373447
-373405
-373358
-373355
-373323
-373237
-373226
-372937
-372858
-372821
-372803
-372772
-372748
-372730
-372672
-372620
-372609
-372554
-372488
-372432
-372266
-372265
-372187
-372182
-372114
-372059
-371999
-371892
-371755
-371750
-371746
-371484
-371431
-371332
-371289
-371285
-371150
-371047
-370992
-370816
-370654
-370598
-370566
-370457
-370293
-370226
-370213
-370111
-370078
-369860
-369511
-369488
-369408
-369379
-369322
-369318
-369133
-368985
-368804
-368648
-368584
-368581
-368453
-368417
-368335
-368143
-367887
-367805
-367801
-367767
-367716
-367663
-367641
-367419
-367367
-367355
-367104
-367043
-367024
-367003
-366935
-366892
-366796
-366779
-366720
-366615
-366546
-366505
-366396
-366086
-365349
-365196
-365177
-364964
-364783
-364782
-364665
-364609
-364586
-364581
-364576
-364553
-364546
-364367
-364172
-364008
-363992
-363983
-363936
-363881
-363731
-363418
-363402
-363342
-363236
-363204
-363091
-363007
-362918
-362916
-362905
-362859
-362730
-362672
-362628
-362490
-362074
-362052
-361960
-361942
-361908
-361893
-361805
-361779
-361751
-361676
-361536
-361500
-361444
-361349
-361292
-361267
-361163
-361127
-361078
-361065
-361061
-361025
-361021
-360935
-360889
-360854
-360781
-360689
-360653
-360573
-360033
-360013
-359993
-359967
-359913
-359895
-359737
-359712
-359528
-359525
-359499
-359480
-359400
-359198
-358975
-358941
-358931
-358710
-358684
-358611
-358471
-358443
-358368
-358157
-358134
-357881
-357777
-357742
-357730
-357569
-357558
-357244
-356921
-356636
-356610
-356546
-356541
-356386
-356266
-356094
-356069
-356055
-355888
-355650
-355401
-355330
-355262
-355241
-355236
-355166
-355162
-355144
-355101
-355035
-354766
-354711
-354502
-354356
-354281
-354140
-354045
-353961
-353949
-353838
-353786
-353639
-353630
-353576
-353547
-353522
-353506
-353461
-353297
-353283
-353249
-353241
-353149
-353136
-353016
-352966
-352934
-352846
-352687
-352417
-352232
-352015
-351937
-351854
-351822
-351708
-351622
-351614
-351568
-351511
-351043
-350722
-350584
-350337
-350313
-350016
-349938
-349891
-349824
-349542
-349520
-349445
-349228
-349207
-349073
-349020
-348730
-348572
-348220
-348089
-347947
-347869
-347798
-347536
-347493
-347466
-347245
-347000
-346790
-346701
-346567
-346335
-346316
-346257
-346134
-345900
-345850
-345741
-345729
-345721
-345682
-345512
-345509
-345164
-344920
-344806
-344595
-344309
-344139
-344001
-343939
-343923
-343918
-343826
-343791
-343730
-343722
-343622
-343526
-343426
-343383
-343248
-343244
-343233
-343185
-342996
-342871
-342868
-342709
-342650
-342635
-342495
-342483
-342456
-342426
-342273
-342117
-342082
-342072
-342058
-341961
-341926
-341838
-341802
-341724
-341693
-341299
-341192
-341188
-341135
-341116
-341046
-340998
-340786
-340752
-340549
-340543
-340527
-340510
-340331
-340298
-340234
-340224
-340026
-339720
-339513
-339351
-339172
-338990
-338967
-338963
-338953
-338931
-338920
-338860
-338707
-338661
-338607
-338605
-338256
-338128
-338085
-337982
-337931
-337857
-337703
-337636
-337503
-337445
-337201
-337080
-336981
-336713
-336560
-336423
-336400
-336385
-336359
-336348
-336249
-336217
-336116
-336112
-335848
-335827
-335693
-335614
-335326
-335307
-335283
-335054
-335031
-334971
-334964
-334910
-334818
-334782
-334766
-334547
-334403
-334270
-334199
-334146
-334132
-334076
-333996
-333835
-333749
-333745
-333689
-333646
-333624
-333613
-333600
-333580
-333507
-333488
-333390
-333134
-333120
-333036
-333015
-332881
-332836
-332615
-332607
-332411
-332407
-332206
-332180
-332094
-332060
-332043
-331996
-331605
-331564
-331514
-331362
-331212
-331012
-330940
-330806
-330805
-330798
-330792
-330770
-330509
-330507
-330456
-330377
-330292
-330218
-330210
-330160
-330082
-329839
-329810
-329491
-329465
-329425
-329369
-329359
-329310
-329189
-329154
-329098
-329059
-329002
-328999
-328965
-328947
-328489
-328468
-328446
-328398
-328148
-327969
-327748
-327684
-327613
-327603
-327320
-327309
-327301
-327296
-327270
-327260
-327163
-327157
-327086
-327085
-327022
-326941
-326692
-326650
-326571
-326274
-326181
-326041
-325961
-325872
-325665
-325494
-325380
-325331
-325022
-324995
-324882
-324872
-324843
-324824
-324783
-324752
-324684
-324585
-324546
-324250
-324137
-324089
-324028
-324021
-323817
-323716
-323618
-323584
-323406
-323330
-323130
-323068
-323048
-322963
-322888
-322852
-322847
-322825
-322761
-322759
-322702
-322595
-322286
-322040
-321517
-321410
-321305
-321299
-321263
-321226
-321209
-320863
-320824
-320788
-320750
-320688
-320554
-320441
-320305
-320296
-320266
-320242
-319994
-319830
-319588
-319490
-319393
-319355
-319300
-319280
-319184
-319162
-319155
-318989
-318986
-318982
-318933
-318824
-318560
-318455
-317851
-317839
-317360
-317213
-316945
-316781
-316082
-316004
-315999
-315773
-315769
-315369
-315358
-315315
-315237
-315077
-315047
-314990
-314893
-314891
-314814
-314739
-314724
-314542
-314510
-314368
-314359
-314320
-314255
-313921
-313853
-313770
-313758
-313662
-313595
-313285
-313091
-312836
-312823
-312516
-312481
-312425
-312354
-312331
-312247
-312086
-311989
-311972
-311969
-311945
-311897
-311850
-311839
-311795
-311598
-311548
-311505
-311444
-311316
-311137
-310999
-310976
-310969
-310937
-310862
-310857
-310740
-310614
-310473
-309987
-309882
-309799
-309790
-309616
-309601
-309460
-309433
-309264
-309049
-309008
-308966
-308911
-308864
-308777
-308709
-308650
-308536
-308499
-308497
-308326
-308281
-308158
-308121
-308109
-308013
-307900
-307649
-307595
-307562
-307388
-307221
-307109
-306974
-306971
-306774
-306746
-306658
-306621
-306611
-306397
-306314
-306197
-306081
-305992
-305861
-305818
-305679
-305615
-305506
-305386
-305373
-305211
-305202
-305166
-305071
-305039
-304807
-304788
-304765
-304567
-304408
-304334
-304330
-304312
-304300
-304226
-304112
-303943
-303782
-303741
-303662
-303637
-303570
-303522
-303359
-303222
-303014
-303005
-302976
-302913
-302821
-302585
-302582
-302542
-302426
-302109
-302015
-301870
-301763
-301664
-301492
-301478
-301428
-301399
-301324
-301254
-301019
-300980
-300959
-300838
-300828
-300635
-300634
-300583
-300447
-300426
-300349
-300182
-299974
-299963
-299842
-299777
-299715
-299584
-299488
-299432
-299342
-299253
-299178
-299160
-299065
-298985
-298745
-298701
-298665
-298450
-298350
-298290
-298140
-298090
-297955
-297941
-297677
-297213
-297205
-297201
-297142
-296697
-296678
-296584
-296474
-296465
-296392
-296084
-295857
-295848
-295772
-295712
-295687
-295657
-295650
-295553
-295411
-295398
-295291
-295246
-295228
-295189
-295149
-295120
-295043
-294874
-294704
-294649
-294413
-294228
-294080
-294060
-294025
-293972
-293916
-293779
-293721
-293296
-293201
-293110
-293092
-293055
-292918
-292839
-292660
-292548
-292515
-292367
-292122
-292087
-291978
-291934
-291848
-291368
-291326
-291267
-291199
-290888
-290834
-290796
-290761
-290653
-290645
-290598
-290367
-290214
-289908
-289907
-289724
-289334
-289188
-289095
-289006
-288933
-288546
-288526
-288287
-287985
-287924
-287893
-287831
-287762
-287728
-287719
-287700
-287672
-287671
-287320
-287263
-287249
-287140
-287063
-286928
-286923
-286815
-286708
-286653
-286587
-286549
-286541
-286392
-286183
-286082
-285875
-285842
-285737
-285497
-285424
-285141
-285075
-285061
-285054
-284993
-284963
-284893
-284829
-284816
-284767
-284701
-284127
-284120
-283915
-283814
-283752
-283735
-283710
-283703
-283645
-283514
-283493
-283381
-283293
-283084
-282881
-282845
-282811
-282721
-282617
-282614
-282601
-282519
-282440
-282378
-282218
-282171
-281925
-281896
-281769
-281589
-281563
-281458
-281422
-281398
-281343
-281164
-281070
-280934
-280766
-280707
-280677
-280652
-280438
-280432
-280251
-280183
-280168
-280152
-280050
-280010
-280000
-279939
-279890
-279858
-279846
-279813
-279770
-279720
-279669
-279586
-279415
-279310
-279212
-279055
-279030
-278988
-278843
-278833
-278711
-278653
-278553
-278475
-278303
-278264
-278090
-278076
-277896
-277828
-277757
-277607
-277593
-277574
-277536
-277470
-277420
-277247
-277242
-277213
-277151
-277074
-276988
-276815
-276592
-276535
-276485
-276394
-276164
-275821
-275737
-275724
-275665
-275471
-275443
-275397
-275392
-275354
-275065
-274997
-274958
-274793
-274715
-274693
-274689
-274574
-274505
-274471
-274308
-274208
-274165
-274132
-274038
-273964
-273949
-273943
-273935
-273691
-273686
-273530
-273499
-273477
-273439
-273411
-273311
-273200
-273055
-272981
-272694
-272637
-272604
-272494
-272483
-272378
-272340
-272288
-272261
-272134
-272122
-272050
-272048
-271954
-271950
-271866
-271806
-271611
-271535
-271263
-271219
-271186
-271101
-270890
-270706
-270695
-270476
-270199
-270110
-269869
-269784
-269746
-269671
-269660
-269656
-269639
-269136
-268898
-268877
-268828
-268793
-268676
-268591
-268587
-268525
-268409
-268369
-268264
-268237
-268028
-268023
-268010
-267797
-267748
-267518
-267516
-267470
-267426
-267320
-267258
-267223
-267161
-267127
-266949
-266825
-266712
-266549
-266022
-265805
-265767
-265598
-265550
-265506
-265472
-265428
-265372
-265255
-265163
-265160
-264964
-264925
-264924
-264706
-264668
-264624
-264447
-264414
-264192
-263971
-263954
-263931
-263888
-263637
-263530
-263463
-263406
-263396
-263385
-263208
-263065
-263050
-262915
-262472
-262387
-262373
-262254
-262102
-262051
-261929
-261910
-261639
-261609
-261538
-261528
-261525
-261511
-261490
-261489
-261415
-261405
-261293
-261280
-261059
-260891
-260802
-260732
-260718
-260532
-260531
-260363
-260213
-260176
-260099
-260060
-259963
-259933
-259740
-259680
-259674
-259481
-259457
-259309
-259250
-259202
-259147
-258876
-258845
-258730
-258635
-258615
-258597
-258596
-258534
-258415
-258319
-258318
-258269
-258236
-258058
-257989
-257930
-257706
-257629
-257586
-257556
-257479
-257171
-257032
-256880
-256868
-256839
-256790
-256776
-256707
-256680
-256470
-256382
-256361
-256212
-256062
-255983
-255842
-255679
-255571
-255338
-255334
-255155
-254949
-254921
-254758
-254732
-254655
-254549
-254273
-253898
-253760
-253685
-253653
-253609
-253597
-253594
-253585
-253577
-253440
-253356
-253257
-253134
-253133
-252941
-252938
-252915
-252908
-252891
-252795
-252776
-252727
-252633
-252567
-252549
-252509
-252448
-252264
-252246
-252224
-252128
-252087
-251807
-251761
-251690
-251682
-251612
-251544
-251522
-251492
-251430
-251334
-251300
-251298
-251268
-251130
-251066
-250953
-250922
-250883
-250824
-250724
-250721
-250712
-250597
-250536
-250479
-250469
-250120
-250111
-250054
-250049
-250047
-250029
-249783
-249770
-249656
-249403
-249387
-249281
-249222
-249205
-249169
-248892
-248853
-248268
-248182
-248049
-247945
-247741
-247671
-247628
-247596
-247444
-247409
-247231
-247214
-247091
-246903
-246874
-246856
-246791
-246700
-246491
-246331
-246218
-245923
-245700
-245657
-245610
-245545
-245415
-245401
-245312
-245259
-245252
-245120
-244557
-244538
-244492
-244381
-244184
-244142
-244031
-243959
-243812
-243760
-243515
-243511
-243428
-243410
-243353
-243282
-243259
-243168
-243123
-242916
-242826
-242588
-242582
-242571
-242460
-242295
-242257
-242216
-242196
-242185
-241865
-241847
-241745
-241355
-241273
-241263
-241255
-241190
-240979
-240948
-240908
-240795
-240787
-240784
-240770
-240619
-240594
-240500
-240290
-240217
-240144
-240057
-240040
-239887
-239823
-239777
-239703
-239668
-239624
-239579
-239518
-239163
-239114
-239093
-238920
-238855
-238838
-238668
-238603
-238595
-238575
-238567
-238512
-238364
-238169
-238056
-237716
-237702
-237662
-237607
-237409
-237289
-237278
-237164
-237064
-236637
-236618
-236608
-236482
-236306
-236159
-236127
-236016
-235860
-235743
-235732
-235730
-235720
-235539
-235394
-235312
-235037
-235012
-234900
-234850
-234831
-234761
-234754
-234732
-234680
-234581
-234497
-234393
-234230
-234131
-234115
-233720
-233675
-233660
-233607
-233518
-233367
-233204
-233094
-232992
-232883
-232847
-232811
-232768
-232767
-232742
-232643
-232480
-232432
-232404
-232353
-232345
-232298
-232294
-232134
-232092
-232080
-231889
-231844
-231761
-231450
-231403
-231352
-231027
-231018
-230870
-230807
-230666
-230648
-230496
-230387
-230280
-230227
-230118
-230060
-229892
-229889
-229802
-229660
-229575
-229522
-229498
-229423
-229357
-229315
-229291
-229175
-229128
-229088
-229045
-228842
-228789
-228788
-228709
-228698
-228694
-228572
-228492
-228339
-228304
-228249
-228227
-228156
-228119
-228010
-227974
-227965
-227815
-227665
-227660
-227503
-227459
-227332
-226561
-226543
-226453
-226450
-226418
-226367
-226150
-226068
-226044
-225971
-225711
-225667
-225617
-225407
-225363
-225352
-225217
-225143
-224993
-224968
-224963
-224952
-224917
-224726
-224702
-224683
-224579
-224354
-224349
-224324
-224236
-224155
-224115
-224108
-224088
-224031
-223873
-223780
-223771
-223630
-223513
-223447
-223412
-223228
-223128
-222874
-222869
-222853
-222840
-222687
-222621
-222411
-222388
-222373
-222312
-222182
-222140
-222052
-221860
-221747
-221688
-221577
-221565
-221555
-221547
-221504
-221476
-221472
-221274
-221226
-221145
-221103
-221048
-220957
-220670
-220630
-220608
-220607
-220575
-220369
-220328
-220264
-220191
-220087
-220028
-219989
-219982
-219953
-219855
-219614
-219465
-219413
-219361
-219238
-218884
-218853
-218790
-218668
-218467
-218376
-218157
-218135
-218110
-218025
-217789
-217768
-217716
-217654
-217647
-217637
-217550
-217375
-217365
-217279
-217150
-216933
-216929
-216815
-216658
-216560
-216402
-216323
-216232
-216217
-216117
-216089
-215666
-215641
-215333
-215320
-215311
-215268
-215181
-215038
-214957
-214939
-214899
-214803
-214750
-214648
-214564
-214343
-214233
-214221
-214171
-214125
-214113
-214015
-213984
-213922
-213530
-213436
-213390
-213205
-213200
-212841
-212800
-212769
-212751
-212714
-212595
-212576
-212550
-212438
-212410
-212327
-212138
-212102
-212035
-211977
-211647
-211644
-211525
-211517
-211459
-211307
-211255
-211154
-211119
-210853
-210784
-210739
-210708
-210686
-210439
-210372
-210103
-210001
-209962
-209912
-209809
-209698
-209582
-209494
-209395
-209357
-209309
-209259
-209228
-209026
-208693
-208366
-208212
-208199
-208124
-208120
-208104
-208090
-208060
-207954
-207877
-207856
-207843
-207787
-207309
-207275
-207149
-206882
-206696
-206653
-206609
-206600
-206543
-206450
-206372
-206322
-206179
-206151
-205863
-205822
-205820
-205545
-205542
-205460
-205454
-205389
-205365
-205317
-205282
-205181
-205107
-205063
-205022
-204995
-204951
-204936
-204853
-204727
-204712
-204567
-204522
-204433
-204343
-204277
-204241
-203921
-203911
-203852
-203837
-203702
-203532
-203455
-203401
-203387
-203335
-203275
-203246
-203157
-203154
-203124
-203043
-202831
-202502
-202499
-202494
-202235
-202214
-202153
-202081
-201851
-201785
-201723
-201534
-201237
-201051
-200862
-200849
-200790
-200690
-200562
-200516
-200460
-200412
-200397
-200118
-200090
-200016
-200000
-199975
-199966
-199832
-199804
-199661
-199632
-199609
-199561
-199513
-199421
-199380
-199369
-199223
-199200
-199116
-199100
-198970
-198874
-198747
-198481
-198433
-198293
-198162
-198013
-197910
-197827
-197532
-197395
-197117
-197074
-196963
-196835
-196691
-196621
-196542
-196532
-196270
-195853
-195757
-195714
-195565
-195547
-195404
-195337
-195175
-195148
-195050
-194956
-194838
-194771
-194556
-194414
-194267
-194216
-194184
-194161
-193789
-193723
-193629
-193434
-193314
-193019
-192780
-192776
-192603
-192585
-192474
-192418
-192416
-192386
-192279
-191796
-191784
-191508
-191501
-191496
-191388
-191177
-191082
-190805
-190778
-190716
-190695
-190624
-190542
-190402
-190375
-190305
-190159
-189549
-189547
-189199
-189178
-188969
-188948
-188685
-188277
-188206
-188132
-188131
-188071
-188001
-187990
-187985
-187786
-187777
-187704
-187684
-187654
-187543
-187466
-187454
-187319
-187303
-187292
-187267
-187191
-187167
-187099
-187023
-186930
-186867
-186739
-186703
-186702
-186570
-186492
-186328
-186143
-186077
-185913
-185897
-185785
-185731
-185709
-185687
-185628
-185459
-185423
-185418
-185403
-185366
-185264
-185262
-185023
-185017
-184807
-184804
-184704
-184703
-184631
-184595
-184401
-184338
-184245
-184113
-183903
-183892
-183793
-183343
-182839
-182619
-182606
-182447
-182250
-182094
-181791
-181692
-181475
-181409
-181299
-181239
-181110
-181086
-181022
-180981
-180900
-180793
-180496
-179954
-179856
-179767
-179718
-179681
-179677
-179674
-179580
-179572
-179254
-179152
-179030
-178944
-178906
-178809
-178696
-178694
-178628
-178609
-178287
-178098
-178086
-178034
-177997
-177796
-177637
-177606
-177220
-177212
-177163
-177135
-177086
-176877
-176859
-176687
-176654
-176544
-176503
-176502
-176309
-176265
-176262
-176230
-176081
-175947
-175925
-175914
-175901
-175793
-175707
-175441
-175373
-175349
-175241
-175131
-175112
-175067
-174937
-174912
-174587
-174562
-174557
-174420
-174183
-174152
-174063
-174057
-173976
-173839
-173778
-173690
-173685
-173655
-173638
-173523
-173307
-173295
-173140
-173070
-173068
-173027
-172896
-172782
-172760
-172696
-172551
-172510
-172456
-172389
-172348
-172209
-172115
-172065
-171841
-171736
-171729
-171555
-171520
-171501
-171445
-171434
-171337
-171055
-170695
-170489
-170386
-170362
-170107
-170085
-169997
-169968
-169878
-169737
-169637
-169623
-169567
-169521
-169474
-169298
-169145
-169101
-168984
-168962
-168929
-168875
-168870
-168840
-168795
-168775
-168640
-168574
-168571
-168336
-168290
-168103
-168101
-168027
-167980
-167956
-167908
-167883
-167731
-167699
-167634
-167632
-167603
-167601
-167585
-167494
-167440
-167300
-167228
-167213
-167164
-167069
-167062
-166924
-166903
-166900
-166883
-166766
-166568
-166135
-166059
-165975
-165694
-165691
-165601
-165600
-165527
-165474
-165450
-165264
-165129
-165019
-164953
-164879
-164780
-164663
-164544
-164339
-164009
-163958
-163918
-163888
-163811
-163744
-163730
-163510
-163388
-163321
-163223
-163190
-163183
-162924
-162906
-162835
-162816
-162717
-162692
-162622
-162496
-162364
-161436
-161344
-161276
-161273
-161096
-160956
-160840
-160557
-160451
-160442
-160437
-160111
-160097
-160071
-160036
-160021
-159804
-159783
-159730
-159707
-159692
-159609
-159500
-159300
-159258
-159238
-159201
-159088
-159084
-158868
-158815
-158554
-158526
-158179
-158128
-157988
-157906
-157688
-157674
-157672
-157496
-157485
-157439
-157407
-157403
-157377
-157314
-157285
-157193
-157135
-157096
-157067
-157007
-156995
-156841
-156812
-156633
-156591
-156587
-156385
-156303
-156259
-156203
-156082
-156020
-156010
-155987
-155874
-155861
-155810
-155783
-155577
-155566
-155473
-155225
-155147
-155146
-154880
-154747
-154527
-154511
-154441
-154323
-154237
-154187
-154178
-154122
-154044
-154005
-153988
-153974
-153942
-153779
-153738
-153712
-153677
-153596
-153450
-153441
-153345
-153289
-153253
-153204
-153106
-152885
-152790
-152623
-152553
-152541
-152476
-152366
-152363
-152229
-152168
-152028
-151823
-151782
-151746
-151743
-151662
-151615
-151505
-151459
-151350
-151065
-150738
-150706
-150701
-150693
-150630
-150619
-150605
-150568
-150302
-150247
-150233
-150210
-149978
-149851
-149614
-149605
-149436
-149193
-148928
-148797
-148770
-148721
-148712
-148665
-148580
-148577
-148542
-148375
-148104
-147925
-147824
-147761
-147720
-147533
-147454
-147374
-147358
-147203
-147191
-147121
-146925
-146808
-146804
-146785
-146768
-146474
-146126
-145973
-145903
-145876
-145776
-145582
-145403
-145240
-145205
-145088
-145085
-145020
-145000
-144690
-144654
-144598
-144435
-144254
-144174
-144128
-143997
-143719
-143657
-143602
-143553
-143450
-143207
-143090
-143062
-142849
-142799
-142793
-142697
-142688
-142660
-142642
-142395
-142366
-142259
-142176
-142152
-142124
-142118
-142082
-142046
-141782
-141730
-141497
-141359
-141245
-141075
-141018
-140934
-140776
-140485
-140064
-140031
-139979
-139966
-139865
-139756
-139552
-139426
-139351
-139325
-139311
-139310
-139281
-138612
-138452
-138408
-138204
-137978
-137780
-137734
-137650
-137502
-137309
-136909
-136906
-136896
-136639
-136600
-136387
-136151
-135950
-135946
-135875
-135866
-135693
-135637
-135479
-135300
-135234
-135205
-135119
-135100
-135088
-134734
-134699
-134609
-134342
-134319
-134232
-134214
-134163
-134045
-133946
-133858
-133832
-133629
-133458
-133353
-133315
-133304
-133164
-133040
-133032
-132952
-132865
-132746
-132722
-132653
-132492
-132391
-132373
-132328
-132263
-132111
-131917
-131767
-131766
-131643
-131630
-131574
-131458
-131315
-131269
-131248
-131245
-131178
-130875
-130747
-130645
-130630
-130359
-130344
-130325
-130319
-130316
-130247
-130153
-130116
-130077
-130036
-130011
-129637
-129549
-129363
-129123
-129076
-128968
-128891
-128652
-128630
-128421
-127981
-127874
-127764
-127731
-127603
-127536
-127420
-127393
-127276
-127204
-127015
-126827
-126713
-126605
-126548
-126514
-126493
-126466
-126424
-126361
-126272
-125842
-125840
-125575
-125556
-125517
-125426
-125412
-125409
-125152
-125144
-124991
-124916
-124901
-124883
-124869
-124478
-124244
-124149
-124146
-124135
-124120
-124109
-124085
-124077
-124045
-124025
-123983
-123982
-123957
-123633
-123527
-123465
-123419
-123371
-123314
-123165
-123141
-123121
-123011
-122776
-122766
-122494
-122256
-122170
-122148
-122067
-121621
-121578
-121371
-121124
-120966
-120944
-120928
-120901
-120900
-120823
-120628
-120377
-120036
-119984
-119874
-119772
-119756
-119743
-119717
-119697
-119676
-119623
-119471
-119430
-119416
-119375
-119358
-119334
-119127
-119042
-118486
-118394
-118392
-118218
-118196
-118186
-118152
-118097
-118096
-118074
-118007
-117892
-117889
-117767
-117750
-117703
-117682
-117645
-117631
-117610
-117489
-117481
-117290
-117231
-117103
-116932
-116783
-116775
-116663
-116574
-116525
-116494
-116400
-116330
-116308
-116307
-116226
-116186
-116154
-115784
-115665
-115618
-115527
-115444
-115416
-115178
-115071
-114810
-114780
-114621
-114597
-114333
-114255
-114181
-113989
-113983
-113862
-113858
-113775
-113725
-113682
-113520
-113493
-113465
-113266
-113166
-113131
-113097
-113074
-113035
-112870
-112794
-112552
-112537
-112521
-112434
-112141
-112093
-111885
-111864
-111829
-111792
-111630
-111603
-111562
-111516
-111500
-111459
-111410
-111365
-111298
-110990
-110976
-110761
-110757
-110691
-110636
-110370
-110331
-110255
-110081
-109999
-109873
-109760
-109694
-109685
-109649
-109648
-109444
-109380
-109308
-109273
-109265
-109196
-109187
-109084
-108769
-108695
-108359
-108352
-108282
-108105
-107904
-107892
-107758
-107754
-107730
-107696
-107504
-107389
-107363
-107035
-106995
-106828
-106811
-106782
-106493
-106455
-106361
-106144
-106071
-105900
-105799
-105733
-105613
-105435
-105395
-105177
-105139
-105137
-105117
-105088
-105079
-105046
-105023
-104835
-104816
-104814
-104761
-104676
-104159
-104039
-103972
-103828
-103730
-103610
-103557
-103252
-103118
-103085
-103061
-103017
-102879
-102756
-102632
-102620
-102539
-102189
-102166
-102081
-102069
-101934
-101902
-101846
-101805
-101801
-101796
-101727
-101119
-100915
-100843
-100817
-100816
-100785
-100589
-100283
-100235
-100234
-100188
-100170
-100002
-99977
-99653
-99531
-99508
-99418
-99350
-99319
-99240
-98969
-98830
-98796
-98421
-98419
-98326
-98301
-98059
-98058
-97824
-97783
-97730
-97622
-97604
-97553
-97262
-97255
-97234
-97197
-97102
-97055
-96663
-96230
-96157
-96093
-96070
-95912
-95851
-95577
-95486
-95474
-95370
-95319
-95100
-94849
-94702
-94559
-94533
-94394
-94302
-94257
-94240
-94179
-94141
-93991
-93939
-93746
-93714
-93541
-93513
-93402
-93377
-93361
-93276
-92899
-92848
-92656
-92500
-92377
-92334
-92318
-92226
-92186
-92168
-92018
-91753
-91709
-91543
-91468
-91426
-91404
-91311
-91242
-91127
-90903
-90869
-90832
-90826
-90776
-90723
-90589
-90389
-90366
-90277
-90258
-90219
-90190
-90046
-89902
-89783
-89763
-89723
-89716
-89566
-89425
-89410
-89273
-89252
-89050
-89013
-88746
-88708
-88688
-88679
-88600
-88599
-88335
-88167
-88158
-88081
-88052
-87880
-87809
-87792
-87753
-87615
-87608
-87537
-87416
-87325
-87304
-87132
-86971
-86887
-86586
-86444
-86414
-86283
-86265
-86252
-86035
-85880
-85862
-85745
-85704
-85553
-85429
-85327
-85229
-85147
-85120
-85083
-84803
-84473
-84041
-83999
-83963
-83794
-83731
-83628
-83420
-83400
-83333
-83241
-83099
-83075
-83002
-82965
-82481
-82442
-82298
-82275
-82099
-81998
-81866
-81820
-81812
-81683
-81542
-81503
-81430
-81375
-81276
-81269
-80922
-80857
-80844
-80683
-80574
-80287
-80143
-80017
-79852
-79627
-79395
-79225
-79153
-79072
-79017
-78909
-78852
-78760
-78654
-78482
-78434
-78223
-78161
-78101
-78001
-77914
-77855
-77750
-77707
-77704
-77230
-77023
-76978
-76833
-76784
-76648
-76597
-76545
-76329
-76295
-76222
-76097
-76048
-75970
-75947
-75785
-75645
-75601
-75315
-75273
-75113
-75095
-74976
-74965
-74766
-74695
-74509
-74476
-74368
-74357
-74283
-74270
-74154
-74030
-73801
-73484
-73224
-73223
-73046
-73031
-72853
-72519
-72366
-72352
-72160
-72100
-72029
-71852
-71704
-71617
-71295
-71283
-71085
-71012
-70951
-70434
-70398
-70314
-70234
-70177
-70095
-69806
-69779
-69757
-69672
-69515
-69496
-69435
-69256
-69213
-69179
-69145
-68942
-68652
-68541
-68433
-68297
-68294
-68256
-68091
-67989
-67893
-67880
-67750
-67562
-67434
-67331
-67317
-67239
-67143
-66952
-66763
-66704
-66686
-66661
-66634
-66594
-66557
-66554
-66469
-66349
-65854
-65791
-65713
-65686
-65506
-65247
-65233
-65126
-65119
-65097
-65090
-64827
-64764
-64745
-64639
-64567
-64501
-64410
-64352
-64302
-64293
-64288
-64174
-64082
-64050
-64020
-63978
-63908
-63866
-63667
-63613
-63592
-63453
-63092
-63053
-62522
-62431
-62231
-61984
-61972
-61969
-61961
-61840
-61722
-61546
-61511
-61471
-61454
-61431
-61326
-61298
-60940
-60927
-60820
-60741
-60715
-60712
-60645
-60642
-60575
-60401
-60305
-60166
-60050
-59989
-59970
-59911
-59803
-59704
-59660
-59412
-59374
-59270
-59249
-59240
-59053
-59002
-58912
-58898
-58824
-58767
-58573
-58560
-58496
-58488
-58474
-58222
-58135
-58127
-58120
-58053
-58045
-57833
-57712
-57578
-57499
-57492
-57189
-57132
-56859
-56825
-56807
-56793
-56715
-56531
-56494
-56484
-56416
-56319
-56302
-56150
-56148
-56067
-56036
-56004
-55945
-55475
-55435
-55341
-55261
-55214
-55190
-54890
-54669
-54462
-54336
-54083
-54062
-53996
-53953
-53690
-53319
-53306
-53208
-53104
-52909
-52883
-52853
-52812
-52730
-52604
-52576
-52435
-52352
-52160
-52132
-52106
-51643
-51518
-51419
-51294
-51119
-51049
-50904
-50711
-50685
-50581
-50508
-50362
-50284
-50266
-50174
-50137
-50016
-49881
-49780
-49730
-49569
-49498
-49371
-49007
-48890
-48784
-48730
-48718
-48654
-48614
-48543
-48326
-48305
-48242
-48156
-47872
-47865
-47725
-47723
-47534
-47518
-47513
-47486
-47402
-47306
-47301
-47110
-47093
-47052
-46957
-46923
-46903
-46695
-46686
-46635
-46627
-46623
-46612
-46554
-46454
-46441
-46431
-46337
-46210
-45972
-45906
-45852
-45761
-45612
-45560
-45541
-45532
-45432
-45304
-45178
-45054
-44954
-44936
-44696
-44347
-44319
-44280
-44278
-44125
-44000
-43976
-43924
-43841
-43814
-43803
-43608
-43598
-43587
-43447
-43429
-43401
-43299
-43253
-43246
-43221
-43161
-43143
-42989
-42894
-42871
-42728
-42603
-42568
-42509
-42473
-42424
-42393
-42275
-42266
-42219
-42146
-42145
-42085
-42071
-41845
-41840
-41510
-41129
-41077
-40990
-40827
-40645
-40626
-40604
-40598
-40347
-40307
-40075
-40060
-40052
-39880
-39748
-39556
-39502
-39362
-39336
-39334
-39305
-39005
-38843
-38787
-38711
-38691
-38658
-38656
-38636
-38380
-38369
-38361
-37897
-37866
-37843
-37795
-37758
-37520
-37501
-37490
-37401
-37238
-37194
-37127
-37062
-36827
-36693
-36663
-36590
-36529
-36451
-36265
-36237
-36236
-36227
-36114
-36018
-36007
-35929
-35750
-35714
-35684
-35548
-35519
-35517
-35422
-35110
-35088
-35042
-34647
-34572
-34289
-34195
-34155
-34144
-33918
-33768
-33742
-33724
-33637
-33352
-32953
-32932
-32929
-32608
-32568
-32375
-32239
-32214
-32211
-31881
-31869
-31838
-31741
-31730
-31619
-31581
-31514
-31481
-31378
-31082
-31071
-31054
-31017
-30938
-30884
-30876
-30721
-30590
-30416
-30310
-30251
-30033
-30030
-29896
-29781
-29767
-29649
-29518
-29394
-29324
-29299
-29239
-29136
-29098
-29094
-28987
-28921
-28894
-28645
-28609
-28586
-28573
-28547
-28499
-28495
-28238
-28218
-28031
-28004
-28003
-27947
-27750
-27643
-27471
-27446
-27397
-27265
-27257
-27232
-27218
-27199
-27181
-27151
-26863
-26852
-26842
-26839
-26198
-26175
-26141
-25989
-25831
-25772
-25640
-25540
-25521
-25486
-25422
-25407
-25391
-24897
-24840
-24808
-24801
-24748
-24683
-24586
-24507
-24498
-24377
-24181
-24148
-24143
-24113
-23912
-23844
-23692
-23653
-23533
-23442
-23361
-23172
-23115
-22933
-22927
-22914
-22846
-22758
-22640
-22493
-22419
-22264
-21947
-21809
-21736
-21670
-21411
-21293
-20996
-20857
-20829
-20812
-20593
-20448
-20204
-20085
-20070
-19784
-19714
-19650
-19344
-19330
-19141
-19101
-19077
-19069
-18773
-18653
-18558
-18549
-18547
-18528
-18491
-18368
-18318
-18298
-18200
-18007
-18005
-17966
-17851
-17785
-17257
-17141
-17096
-16976
-16970
-16851
-16814
-16783
-16644
-16609
-16492
-16229
-16227
-16164
-15943
-15804
-15717
-15706
-15705
-15493
-15439
-15276
-15227
-15102
-14957
-14920
-14433
-14390
-14178
-14146
-14117
-13982
-13920
-13800
-13529
-13430
-13372
-13099
-13075
-12884
-12762
-12620
-12509
-12395
-12394
-12381
-12306
-12259
-12234
-12120
-11961
-11956
-11869
-11786
-11747
-11273
-11256
-10862
-10818
-10737
-10529
-10424
-10119
-9992
-9625
-9594
-9586
-9543
-9440
-9396
-9297
-9290
-9249
-9095
-9031
-8984
-8832
-8622
-8615
-8558
-8270
-8235
-8074
-7954
-7886
-7839
-7784
-7764
-7694
-7679
-7550
-7377
-7367
-7226
-7112
-7075
-6945
-6701
-6413
-6319
-6047
-6011
-5856
-5829
-5780
-5583
-5543
-5306
-5056
-5033
-4965
-4821
-4670
-4612
-4395
-4294
-4157
-3981
-3877
-3781
-3764
-3749
-3667
-3578
-3076
-3038
-2985
-2878
-2788
-2656
-2526
-2475
-2454
-2427
-2392
-2386
-2344
-2274
-2253
-2172
-2063
-1862
-1846
-1707
-1703
-1539
-1525
-1388
-1307
-1211
-1196
-1110
-1080
-922
-784
-778
-748
-703
-671
-568
-501
-467
-447
-297
-173
-133
-123
-95
10
123
146
190
309
329
397
442
508
520
591
604
691
727
733
796
1042
1112
1163
1264
1291
1300
1309
1431
1454
1560
1646
1702
1808
1848
2113
2128
2195
2340
2554
2566
2618
2909
2957
3018
3118
3143
3254
3267
3415
3481
3560
3595
3614
3703
3786
3909
3915
3916
4132
4196
4223
4225
4268
4287
4573
4574
4722
4845
4906
5068
5181
5225
5323
5426
5532
5555
5609
5643
5722
5811
5843
5863
6007
6086
6360
6364
6399
6427
6478
6489
6495
6499
6506
6610
6713
6727
6879
6891
6939
7017
7131
7454
7471
7551
7664
8091
8144
8196
8507
8550
8575
8686
8841
8909
9107
9267
9320
9388
9411
9451
9497
9579
9612
9647
9919
10015
10025
10041
10251
10410
10436
10440
10667
10683
10734
10781
10785
11223
11275
11443
11529
11778
11787
11919
12060
12226
12241
12317
12627
12720
12810
12851
12899
13012
13021
13208
13380
13401
13453
13800
13943
13993
14102
14278
14353
14768
14891
15020
15071
15399
15511
15530
15545
15616
15851
15890
15972
16175
16185
16250
16488
16510
16532
16637
17076
17345
17647
17710
17831
17957
17963
18035
18070
18164
18196
18231
18246
18422
18512
18523
18549
18571
18695
18735
18829
18841
18950
19155
19229
19290
19361
19423
19587
19792
20145
20173
20224
20408
20497
20552
20730
20739
20748
20752
20866
21090
21149
21162
21355
21390
21681
21730
21760
21769
21887
21889
21952
22068
22259
22297
22338
22383
22477
22618
22664
22795
22856
22913
22917
23196
23331
23510
23544
23636
23647
23726
23799
23802
23857
23925
24097
24376
24429
24473
24480
24501
24523
24555
24596
24632
24957
24958
25090
25106
25120
25128
25163
25279
25353
25387
25438
25451
25482
26018
26109
26147
26232
26257
26314
26501
26570
26588
26656
26676
26715
26960
27020
27156
27210
27363
27493
27579
27598
27630
27727
28034
28298
28475
28675
28926
29010
29146
29151
29383
29424
29534
29615
29674
29828
29838
30378
30580
30606
30695
30760
30808
30850
30926
30954
31308
31350
31401
31482
31741
31849
31864
31899
31959
31962
32535
32677
32731
32787
32794
32889
32964
33061
33093
33220
33406
33415
33437
33678
33706
33731
33877
33963
33968
33996
34014
34050
34240
34268
34289
34372
34436
34555
34680
34686
34711
34751
34812
34871
34908
34979
35213
35240
35806
36004
36040
36190
36218
36224
36296
36399
36693
36828
36993
37096
37266
37486
37503
37533
37539
37592
37741
37744
37880
37962
38002
38121
38244
38385
38491
38582
38642
38711
38914
38915
39018
39068
39194
39361
39373
39591
39701
39709
39795
39951
39981
40117
40148
40176
40211
40303
40745
40787
41077
41201
41277
41296
41365
41382
41456
41486
41548
41663
41801
41886
41986
42030
42041
42121
42156
42269
42286
42336
42675
42687
42867
43123
43146
43215
43369
43391
43405
43485
43486
43557
43650
43967
44003
44097
44117
44139
44175
44337
44339
44439
44532
44635
44676
44739
44778
44814
44815
44887
44918
44947
44993
45077
45088
45162
45564
45613
45667
45865
45921
46020
46092
46244
46650
46670
46818
46848
47100
47137
47445
47504
47571
47648
47699
47821
47868
47957
47973
48010
48049
48094
48160
48233
48238
48614
48634
48806
48841
48851
49039
49046
49055
49179
49308
49380
49389
49504
49551
49748
49904
49913
50231
50500
50507
50575
50578
50599
50705
51019
51056
51188
51267
51304
51333
51342
51521
51759
51847
52026
52034
52130
52148
52336
52593
52938
53069
53094
53175
53467
53551
53672
53882
53917
53968
54050
54077
54179
54208
54391
54433
54485
54601
54662
54863
55041
55125
55224
55249
55282
55423
55536
55562
55583
55624
55633
55791
55946
55962
56048
56154
56212
56240
56256
56415
56443
56558
56569
56693
56705
56762
56803
56849
57080
57145
57211
57291
57293
57677
57733
57868
57969
57990
58091
58325
58341
58385
58389
58584
58591
58593
58623
58652
58702
58763
58796
58877
58991
58992
59028
59112
59127
59219
59377
59481
59573
59672
59713
59714
59752
59794
59925
59934
60130
60353
60420
60509
60578
60716
60770
60874
60898
60986
61210
61221
61248
61268
61366
61445
61637
61826
61952
62197
62306
62328
62331
62382
62427
62572
62604
62611
62776
62902
63044
63135
63223
63677
63825
64030
64040
64242
64322
64387
64531
64697
64779
64835
65072
65073
65116
65218
65228
65251
65299
65440
65522
65533
65662
65666
65669
65730
65731
65778
65910
66037
66093
66144
66320
66372
66433
66493
66518
66532
66556
66706
66900
67042
67168
67184
67191
67250
67273
67298
67330
67371
67453
67458
67848
67916
67938
67989
68072
68073
68087
68112
68284
68531
68532
68714
68732
68908
68940
68943
69069
69112
69156
69216
69294
69417
69469
69530
69551
69589
69694
69729
69773
69834
69895
70016
70066
70094
70190
70301
70323
70449
70739
70755
70763
70764
70790
70824
70865
70957
70967
71029
71447
71469
71488
71775
71827
71830
71832
71926
72016
72204
72262
72337
72355
72549
72561
72605
72762
72903
72973
73012
73431
73682
73859
73892
74178
74239
74403
74430
74596
74624
74651
74736
74776
75221
75246
75329
75567
75629
75670
75747
75811
75823
76043
76166
76200
76334
76365
76385
76603
76809
76821
76830
77180
77193
77241
77309
77596
77703
77911
77981
78095
78297
78559
78700
78795
78968
78984
79012
79016
79197
79534
79698
79704
80227
80269
80289
80315
80431
80584
80821
80842
80888
80892
80976
81145
81331
81676
81702
81793
81826
81984
82101
82587
82600
82704
82718
82760
82766
83014
83082
83276
83376
83393
83436
83623
83744
83799
83917
84021
84131
84133
84333
84340
84535
84820
84833
85321
85355
85457
85505
85651
85798
85994
86006
86226
86717
86750
86863
86886
87113
87126
87153
87166
87235
87489
87563
87605
87612
87789
87829
87834
87989
88097
88157
88219
88228
88229
88281
88418
88427
88588
88609
88789
89017
89092
89158
89308
89373
89468
89542
89730
89770
89803
89826
90187
90191
90234
90316
90339
90436
90437
90564
90636
90642
90656
90734
90820
90861
90923
90981
91064
91187
91227
91296
91319
91496
91606
91699
91717
91787
91817
91948
91951
91958
91966
92104
92143
92188
92209
92310
92647
93077
93085
93196
93237
93376
93434
93473
93786
93840
94052
94107
94200
94253
94320
94326
94342
94386
94669
94677
94734
94807
94868
94990
95304
95325
95464
95645
95655
95702
95728
95868
96088
96190
96202
96217
96377
96382
96403
96408
96420
96519
96528
96591
96659
96674
96681
97107
97136
97266
97326
97427
97773
97803
97865
97950
98026
98143
98216
98447
98448
98450
98650
98829
98943
99306
99308
99311
99390
99565
99665
99697
99817
99926
100047
100218
100254
100363
100459
100493
100525
100572
100677
100772
100826
100963
100976
101160
101171
101173
101251
101330
101475
101505
101627
101856
101961
102001
102135
102392
102535
102554
102652
102686
102715
102771
102949
103019
103200
103467
103890
103930
104298
104334
104509
104511
104570
104644
104697
104721
104726
104730
104866
104874
104875
104877
104925
104954
105052
105082
105102
105204
105205
105420
105458
105610
105797
105807
105820
105891
106184
106257
106518
106780
106868
106995
107029
107147
107268
107496
107513
107569
107708
107718
107763
107838
108083
108168
108208
108250
108462
108855
108877
109077
109184
109278
109287
109288
109340
109428
109493
109555
109740
109766
109888
109923
110078
110172
110219
110327
110342
110417
110471
110473
110478
110491
110519
110536
110668
110676
110746
110783
110849
111146
111314
111424
111428
111624
111794
111880
112275
112386
112430
112501
112637
112701
112798
112826
112998
113011
113047
113123
113152
113178
113518
113577
113903
113915
113948
113982
114016
114154
114230
114247
114305
114534
114629
114738
114813
114867
115406
115436
115451
115565
115622
115660
115752
115875
116264
116269
116274
116418
116631
116648
116836
117078
117093
117177
117304
117347
117411
117430
117439
117507
117646
117677
117870
117902
117924
117995
118043
118257
118325
118465
118579
118731
118978
119139
119192
119214
119234
119432
119522
119666
119895
120203
120292
120394
120518
120721
120879
121055
121206
121230
121307
121414
121449
121485
121618
121860
121980
122138
122193
122273
122319
122530
122593
122629
122636
122940
122949
123056
123186
123296
123434
123597
123656
123792
123799
123831
124146
124220
124451
124493
124577
124614
124645
124908
124944
125152
125305
125369
125382
125399
125624
125688
125723
125875
126174
126186
126206
126279
126300
126361
126649
126690
126780
126906
127001
127109
127127
127133
127332
127557
127639
127806
127955
127956
128015
128088
128099
128293
128363
128490
128524
128566
128802
129041
129046
129331
129432
129436
129459
129472
129577
129831
129904
129978
130144
130370
130390
130641
130665
130812
130946
130983
131102
131179
131238
131262
131403
131425
131516
131657
131750
131775
131852
131878
131879
131987
132000
132057
132217
132514
132583
132588
132603
132720
132741
132763
132885
132999
133035
133215
133263
133309
133410
133485
133519
133639
133711
133789
133794
133847
133867
133907
133981
134022
134053
134071
134214
134517
134731
134829
134865
135029
135047
135079
135139
135268
135479
135514
135563
135567
135627
136032
136086
136134
136205
136304
136344
136382
136581
136597
136852
136929
137042
137064
137365
137437
137495
137590
137645
137689
137737
137840
137893
137921
137923
137965
138091
138095
138111
138196
138801
138978
139116
139126
139200
139223
139228
139232
139306
139385
139739
139757
139780
139894
139914
139962
140011
140038
140103
140135
140210
140227
140277
140432
140487
140789
140848
140903
141106
141297
141301
141314
141423
141438
141780
141897
142041
142121
142169
142220
142226
142888
142931
142936
143058
143453
143503
143605
143733
143791
143968
144009
144393
144697
144757
144789
144906
144963
145099
145116
145145
145304
145317
145327
145494
145553
145611
145642
145878
145910
145985
146007
146103
146330
146434
146539
146583
146610
146650
146742
146778
146888
147202
147469
147485
147510
147565
147584
147754
147756
148043
148139
148156
148177
148240
148276
148290
148598
148691
148777
148933
149329
149425
149448
149456
149517
149538
149601
149759
149782
149858
149892
149943
149990
150113
150180
150263
150407
150452
150513
150932
150957
151126
151236
151395
151443
151528
151646
151769
151876
152001
152081
152115
152138
152438
152599
152686
152730
152797
152889
152925
153026
153232
153322
153349
153507
153545
153567
153585
153624
153879
153882
153990
154109
154566
154653
154826
155253
155283
155329
155333
155448
155638
155870
155887
156089
156176
156178
156305
156598
156717
156720
156790
156840
156842
156844
156915
157145
157172
157211
157226
157314
157408
157459
157599
157656
157761
157958
158013
158090
158098
158171
158195
158333
158350
158530
158590
158604
158664
158691
159072
159116
159154
159173
159206
159442
159515
159560
159635
159665
159683
159879
160231
160551
160572
160593
160614
160667
160735
160915
161181
161232
161275
161299
161352
161377
161451
161804
161845
161975
162156
162228
162267
162271
162340
162414
162476
162676
162778
162819
162860
163056
163234
163627
163679
163700
163869
163886
163902
164004
164033
164061
164120
164196
164279
164367
164501
164570
164577
164622
164652
164801
164875
164906
165158
165178
165218
165304
165382
165388
165462
165529
165730
165776
165800
166098
166128
166138
166339
166388
166426
166473
166691
166797
166833
166844
166884
166949
166961
167138
167238
167369
167479
167528
167564
167609
167659
167850
168408
168436
168495
168611
168746
168795
168970
169174
169176
169219
169263
169279
169310
169575
169616
169620
169737
169845
170026
170137
170229
170403
170453
170608
170636
170653
170727
170867
171129
171146
171250
171329
171377
171447
171464
171574
171643
171816
171860
171894
171950
172176
172288
172899
173049
173091
173230
173252
173367
173468
173474
173477
173590
173594
173640
173813
173835
173927
173993
174024
174061
174319
174434
174591
174828
174833
174977
175034
175375
175601
175739
175795
175796
176155
176180
176199
176365
176382
176513
176551
176720
177030
177153
177177
177240
177295
177303
177487
177548
177563
177603
177654
177655
177731
177905
178163
178205
178260
178277
178391
178461
178572
178621
178699
178799
178843
178852
178982
178998
179028
179094
179239
179273
179336
179432
179448
179899
179903
180124
180171
180351
180424
180441
180451
180567
180646
180706
180742
180892
180942
181104
181139
181215
181296
181420
181429
181444
181671
181792
182174
182275
182298
182563
182684
182731
182738
182875
182917
182938
183048
183050
183105
183312
183454
183643
183836
183951
184008
184026
184049
184058
184122
184130
184193
184361
184439
184465
184581
184693
184915
185004
185064
185127
185189
185394
185441
185610
185644
185687
185765
185786
185963
185988
186014
186390
186521
186585
186664
186686
186833
186889
187068
187230
187273
187565
187679
187700
187757
187789
187813
187827
187931
188062
188104
188124
188160
188195
188196
188298
188307
188338
188418
188497
188649
188659
188862
188985
189097
189251
189252
189290
189389
189403
189407
189440
189574
189596
189615
189647
189657
190103
190206
190249
190354
190367
190647
190857
191002
191016
191233
191278
191380
191593
191739
192008
192147
192207
192299
192315
192456
192660
192765
192795
192800
192904
192906
193017
193056
193143
193275
193374
193459
193687
193795
193999
194116
194280
194332
194348
194422
194856
194921
194979
195024
195156
195264
195288
195305
195466
195565
195682
195683
195790
195852
195909
196189
196299
196382
196404
196471
196595
196680
196963
197207
197247
197344
197379
197404
197747
197750
197781
197810
197849
197979
198126
198302
198311
198505
198518
198520
198597
198611
198617
198995
199081
199121
199400
199429
199509
199549
199598
199619
199638
199716
199785
199949
200052
200061
200107
200124
200165
200221
200353
200419
200550
200595
200670
200761
200813
200834
200890
201017
201056
201262
201274
201316
201352
201375
201428
201540
201845
201939
201940
201988
202032
202088
202527
202564
202736
202877
203114
203159
203424
203462
203463
203794
203821
203872
203902
203923
204139
204314
204536
204825
204868
204970
205127
205185
205251
205360
205466
205498
205552
205555
205658
205739
205770
205822
205856
206039
206068
206080
206148
206164
206259
206260
206311
206436
206471
206477
206656
206752
206869
206917
207002
207037
207302
207335
207397
207476
207492
207579
207596
207677
207798
207832
207900
207978
208232
208277
208299
208322
208333
208375
208612
208617
208806
208872
209010
209052
209141
209305
209319
209328
209339
209342
209511
209592
209692
209760
209837
209917
210214
210239
210281
210351
210362
210451
210501
210523
210654
210907
210986
211013
211032
211383
211387
211451
211456
211478
211546
211611
211804
211920
211942
212176
212441
212508
212604
212656
212684
212777
213015
213212
213219
213379
213385
213412
213416
213570
213661
213723
213813
214108
214263
214392
214460
214464
214582
214610
214683
214859
214891
214997
215002
215043
215083
215112
215247
215346
215573
215575
215631
215777
215875
215889
216016
216061
216092
216107
216220
216234
216441
216466
216848
216903
217059
217139
217294
217378
217565
217624
217654
217780
217833
217894
218061
218268
218272
218357
218647
218678
218742
218796
218798
218813
218905
218949
219236
219263
219352
219471
219527
219544
219631
219682
219810
219902
219950
220037
220052
220141
220225
220327
220401
220421
220657
220814
221189
221245
221329
221350
221544
221572
221602
221613
221717
221722
221844
221888
222017
222081
222517
222668
222718
222740
222843
222888
222908
223133
223297
223307
223380
223566
223600
223756
224212
224232
224573
224651
224918
225175
225418
225545
225553
225649
225696
225751
225855
226029
226203
226212
226368
226415
226661
226716
226779
226855
226951
227030
227063
227087
227198
227294
227329
227509
227527
227534
227601
228005
228023
228106
228258
228321
228414
228420
228548
228572
228767
228800
228861
228901
228949
228987
229271
229358
229513
229581
229630
229852
229972
230141
230319
230433
230506
230553
230670
230722
230733
230881
230886
231024
231064
231266
231311
231604
231706
231931
231945
232068
232270
232562
232804
232884
233066
233251
233341
233527
233578
233648
233669
233677
233796
233908
234119
234198
234226
234227
234259
234333
234516
234536
234582
234604
234782
235102
235166
235214
235233
235302
235336
235535
235611
235701
235803
235876
235912
236022
236049
236241
236361
236438
236486
236487
236527
236668
236803
236876
236880
237040
237080
237525
237569
237715
237754
237862
237925
238198
238203
238417
238454
238555
238645
238925
238951
239022
239162
239418
239469
239510
239532
239586
239630
239632
239862
240011
240056
240078
240147
240171
240263
240295
240370
240513
240662
240773
240795
240866
240934
240994
241096
241191
241283
241335
241386
241497
241749
241814
241822
241842
241920
241955
241971
242034
242103
242137
242149
242252
242289
242348
242368
242449
242457
242519
242603
242663
242722
242766
243076
243084
243186
243196
243202
243323
243407
243421
243432
243455
243652
244186
244266
244467
244526
244550
244659
244969
244977
245021
245094
245280
245442
245452
245612
245662
245894
246142
246214
246230
246241
246285
246591
246717
246808
246955
247018
247102
247170
247188
247397
247466
247637
247804
247848
247914
247982
248219
248306
248324
248396
248412
248446
248456
248475
248498
248588
248597
248662
248885
248942
249010
249205
249315
249407
249479
249527
249692
249729
249841
249887
249924
249973
250156
250458
250492
250594
250983
251001
251071
251075
251164
251239
251605
251623
251694
251732
251733
251860
251903
251956
251958
252024
252082
252357
252583
252644
252678
252834
252892
252925
253096
253117
253141
253193
253474
253496
253612
253660
253916
253968
254060
254082
254228
254358
254413
254489
254662
254697
254739
254765
254773
254800
254808
254874
255315
255341
255357
255367
255494
255797
256069
256171
256251
256259
256265
256276
256285
256433
256508
256515
256574
256690
256730
256962
257027
257404
257413
257426
257477
257575
257761
257785
257837
258130
258151
258153
258294
258449
258516
258519
258563
258579
258585
258657
258693
258879
258968
259005
259131
259468
259550
259586
259604
259672
259769
259807
259878
260024
260026
260169
260186
260207
260217
260363
260571
260709
260739
260763
260922
261081
261118
261220
261239
261320
261352
261555
261681
261735
261854
261885
261927
262289
262499
262589
262599
262961
262984
263110
263139
263147
263160
263214
263411
263619
263763
263800
263813
263890
263996
264130
264506
264510
264529
264711
264857
264966
264985
265045
265272
265303
265325
265383
265401
265591
265710
265841
265875
265877
265881
265895
265978
266054
266177
266310
266388
266393
266582
266596
266667
266776
266806
266912
266977
267021
267083
267171
267254
267299
267420
267526
267829
267966
267977
268084
268098
268147
268192
268194
268319
268336
268453
268603
268629
268706
268710
268726
268813
268910
269086
269198
269236
269258
269615
269730
269800
269807
269866
269884
269888
270014
270043
270105
270113
270117
270285
270363
270428
270505
270587
270658
270743
270831
270912
270996
271078
271167
271281
271389
271456
271482
271584
271649
271818
271826
272143
272192
272199
272214
272278
272320
272422
272474
272477
272557
272567
272592
272673
272836
273011
273071
273076
273126
273181
273191
273306
273415
273478
273626
273673
273678
273772
273797
273804
274171
274339
274347
274351
274356
274426
274440
274560
274744
274916
274920
275035
275142
275160
275373
275598
275650
275714
275748
275764
275823
275949
276585
276640
276752
276803
276977
276992
277083
277103
277188
277207
277442
277480
277657
277793
278096
278294
278364
278373
278440
278478
278643
278749
278823
278990
279037
279106
279169
279539
279542
279611
279686
279796
279853
279862
280178
280189
280242
280270
280283
280450
280489
280500
280571
280754
280900
281137
281197
281209
281336
281350
281399
281461
281565
281710
281826
282017
282028
282049
282098
282113
282158
282169
282214
282274
282496
282569
282697
282719
282876
282920
282992
283628
283729
283741
284002
284121
284278
284377
284385
284820
285028
285326
285350
285426
285488
285734
285740
285769
285868
286066
286193
286314
286319
286479
286482
286527
286614
286624
286670
286763
286789
286801
286854
286914
286945
286953
287366
287477
287480
287762
287780
287886
287918
287977
287994
288042
288101
288124
288128
288139
288163
288364
288412
288538
288546
288563
288634
288718
289157
289224
289246
289359
289589
289671
289786
289790
289864
289914
289945
289955
290035
290165
290263
290313
290319
290364
290621
290644
290763
291462
291474
291554
291569
291588
291712
291727
292153
292196
292222
292258
292405
292420
292458
292499
292561
292785
293061
293237
293254
293277
293630
293762
293852
293952
293978
294108
294175
294781
294810
295047
295080
295086
295173
295204
295247
295310
295387
295410
295486
295580
295596
295603
295990
296098
296163
296186
296354
296890
297045
297233
297300
297487
297598
297609
297721
297727
297940
298222
298239
298557
298629
298647
298824
298886
298903
298909
298948
299067
299098
299101
299412
300050
300112
300243
300465
300634
300658
300689
301027
301159
301202
301568
301774
301850
302122
302304
302323
302433
302624
302792
302883
302975
303029
303137
303152
303281
303598
303713
303762
303764
303828
303889
303976
304003
304045
304144
304403
304582
304733
304896
304910
304925
305420
305592
305705
305883
306095
306174
306176
306329
306359
306496
306730
306733
306823
306948
306982
307115
307238
307354
307478
307481
307485
307565
307607
307636
307803
307810
307814
308059
308186
308464
308539
308542
308552
308592
308602
308654
308779
309106
309276
309293
309295
309393
309462
309560
309589
309764
309786
309901
309930
310065
310330
310336
310440
310462
310517
310795
310850
310852
310951
310994
311010
311084
311093
311186
311257
311285
311408
311639
311696
311738
311919
312086
312214
312260
312307
312361
312448
312634
312668
312715
312729
312761
312859
312919
312936
312987
313021
313144
313172
313236
313409
313484
313490
313541
313635
313841
313850
313872
313955
314002
314018
314180
314272
314319
314334
314337
314399
314430
314490
314550
314617
314715
315206
315427
315449
315463
315600
315618
315734
315738
315933
315948
316160
316176
316291
316407
316524
316569
316775
316802
316956
316997
317107
317148
317278
317351
317387
317534
317588
317666
317814
318177
318196
318336
318397
318427
318433
318468
318492
318498
318765
318768
318837
318898
319087
319196
319238
319267
319448
319611
319660
319987
320088
320210
320399
320502
320603
320612
320618
320781
320895
320908
321017
321114
321155
321206
321321
321360
321614
321679
321831
322099
322151
322164
322189
322251
322320
322467
322550
322617
322702
322766
322780
322870
323519
323560
323632
323650
323766
323778
324223
324233
324347
324353
324407
324688
324857
324884
325161
325255
325269
325334
325389
325487
325771
326176
326190
326220
326280
326423
326647
326690
326894
327135
327253
327352
327444
327547
327648
327654
327707
327948
328067
328098
328134
328588
328595
328640
328703
328734
328813
328815
328871
328918
329023
329233
329336
329356
329368
329443
329445
329474
329530
329666
329739
329839
329916
330031
330273
330287
330388
330445
330743
330774
330857
330934
330943
330990
331080
331250
331322
331510
331664
331669
331671
331726
331728
331926
331956
332029
332149
332349
332595
332657
333123
333179
333456
333543
333555
333573
333592
333692
334158
334194
334220
334609
334611
334640
334659
334680
334774
334803
334913
334970
334971
335015
335095
335103
335116
335120
335147
335150
335252
335260
335399
335415
335431
335489
335498
335667
335688
335734
335765
335878
335970
336001
336057
336138
336344
336449
336452
336536
336609
336697
336717
336763
336806
336841
336845
336880
336901
337000
337020
337130
337190
337211
337248
337353
337497
337535
337609
337682
337862
337883
338142
338271
338299
338361
338534
338893
338983
338992
339227
339383
339402
340048
340050
340056
340130
340197
340399
340487
340491
340529
340729
340818
340946
341104
341203
341253
341431
341467
341775
341785
342104
342117
342121
342322
342329
342450
342948
343146
343278
343388
343393
343406
343485
343510
343527
343537
343550
343621
343810
343811
343970
344001
344445
344580
345025
345046
345257
345483
345486
345494
345722
346071
346095
346102
346269
346304
346408
346609
346663
346816
347007
347066
347104
347129
347229
347280
347365
347372
347401
347530
347790
347983
348118
348149
348197
348212
348244
348334
348474
348647
348704
348709
348710
348725
348730
348770
348917
349022
349452
349638
349780
350034
350044
350098
350406
350436
350521
350558
350578
350859
350865
350952
350984
350989
350995
351015
351071
351176
351249
351299
351328
351345
351410
351461
351524
351541
351674
351743
351964
352006
352066
352186
352236
352297
352342
352509
352544
352575
352666
352743
353043
353159
353218
353508
353521
353641
353882
354056
354110
354142
354573
354632
354647
354672
354731
354845
354876
354938
355021
355073
355278
355304
355544
355645
355770
355817
355818
355992
356088
356347
356498
356502
356531
356958
357177
357228
357259
357380
357523
357914
357927
358060
358179
358269
358433
358548
358750
358896
358907
358963
359161
359560
359672
359729
359919
360016
360028
360042
360187
360201
360263
360326
360342
360528
360597
360622
360631
360651
360694
360706
360837
360894
360924
361183
361184
361227
361288
361321
361587
361591
361663
361733
361844
361919
361982
362026
362209
362247
362261
362352
362366
362405
362514
362626
362959
363193
363345
363486
363658
364113
364205
364275
364328
364557
364563
364635
365139
365267
365290
365476
365571
365655
365897
366000
366004
366178
366271
366315
366321
366371
366523
366596
366658
366875
366938
366959
367249
367295
367439
367460
367603
367836
368121
368202
368246
368351
368397
368466
368554
368588
368619
368780
368940
368959
368969
369001
369130
369453
369656
369689
369757
369864
370001
370011
370061
370072
370094
370165
370365
370415
370483
370485
370586
370674
370977
370984
371063
371229
371389
371746
371827
371934
372067
372069
372142
372165
372178
372273
372315
372450
372529
372613
372614
372667
372799
372920
372972
372993
373155
373283
373318
373482
373678
373706
373838
373841
373968
374023
374210
374323
374538
374598
374633
374798
374849
375018
375034
375090
375102
375155
375266
375319
375334
375633
375686
375720
375722
375863
375879
376024
376093
376123
376185
376264
376275
376280
376543
376616
376731
376769
376775
376791
377152
377180
377269
377508
377577
377621
377664
378082
378174
378273
378291
378305
378352
378420
378444
378476
378521
378559
378571
378596
378787
378959
379002
379005
379130
379222
379403
379444
379518
379635
379652
379795
379999
380145
380247
380305
380337
380347
380358
380612
380697
380735
380774
380872
380897
380913
380970
381041
381178
381366
381403
381492
381588
381592
381596
381602
381652
381679
381758
381847
381872
381973
382054
382103
382239
382430
382433
382489
382508
382761
382834
382844
382948
383258
383261
383394
383546
383590
383751
383804
384037
384073
384269
384278
384333
384454
384620
384644
384680
385045
385051
385392
385481
385510
385531
385550
385576
385594
385678
385723
385921
385957
386194
386465
386508
386629
386843
386945
387007
387020
387086
387230
387383
387436
387617
387916
387953
387976
388043
388221
388341
388390
388441
388599
388668
388755
388777
388785
388786
388870
388901
388965
389083
389119
389194
389350
389699
390097
390098
390217
390225
390230
390244
390248
390367
390397
390516
390528
390567
390590
390656
390688
390697
390747
390784
391003
391325
391420
391742
391751
391787
391800
391821
391861
391892
391985
392047
392071
392082
392320
392419
392534
392546
392687
392715
392723
392724
392733
392871
392924
392933
392976
393067
393190
393208
393720
393780
393803
394027
394056
394192
394200
394213
394244
394295
394365
394417
394533
394702
394746
394776
394792
394911
395123
395161
395796
395966
396017
396036
396200
396349
396414
396536
396629
396896
396919
396973
397053
397303
397830
397836
397862
397980
398031
398089
398145
398146
398172
398635
398655
398748
398803
398808
398818
398884
398942
398964
398993
399020
399162
399171
399318
399572
399594
399652
399798
399852
399961
400110
400134
400230
400250
400261
400461
400906
400941
401045
401105
401122
401220
401309
401377
401464
401576
401585
401719
401850
401853
401932
401998
402019
402040
402217
402246
402267
402441
402517
402537
402593
402661
402827
402928
402957
403050
403071
403202
403265
403289
403393
403396
403473
403513
403553
403608
403814
403867
403883
403969
404038
404044
404339
404427
404512
404644
404711
404888
405006
405061
405253
405267
405271
405309
405399
405475
405486
405615
405654
405750
405763
405832
405865
406086
406119
406359
406419
406483
406652
406767
406769
406917
407000
407239
407477
407500
407506
407779
407958
408136
408231
408232
408381
408443
408547
408603
408630
408672
408702
408716
408723
408845
409152
409420
409429
409484
409510
409551
409650
409979
410018
410034
410062
410116
410148
410175
410482
410502
410964
411061
411077
411253
411395
411465
411523
411537
411706
411918
411934
412136
412311
412320
412349
412432
412607
412731
412745
412770
412789
412807
412847
412917
413112
413369
413375
413412
413704
413727
413826
413847
413919
413973
414040
414050
414133
414177
414206
414306
414368
414369
414432
414455
414512
414555
414825
414947
415091
415135
415168
415354
415414
415453
415504
415563
415639
415698
415776
415789
415797
416055
416205
416319
416394
416492
416505
416576
416751
416820
416850
416885
416921
416976
416978
416993
417023
417042
417067
417325
417331
417362
417416
417530
417538
417583
417672
417705
417799
417818
417832
417840
418046
418434
418524
418536
418558
418603
418681
418869
418985
419073
419145
419186
419192
419200
419435
419461
419529
419634
419781
419920
419971
420009
420041
420052
420318
420383
420425
420554
420579
420629
420777
420864
420916
420948
420978
421144
421342
421735
421748
422084
422239
422440
422572
422589
422630
422670
422692
422761
422983
423318
423359
423673
423697
423996
423998
424286
424386
424425
424541
424665
424706
425122
425144
425159
425234
425256
425304
425403
425469
425525
425563
425564
425669
425718
425804
425870
426009
426070
426077
426119
426237
426260
426323
426371
426501
426574
426586
426633
426691
426731
426798
426835
427161
427162
427292
427450
427697
427784
427806
428076
428137
428149
428228
428306
428401
428599
428647
428662
428838
429272
429353
429471
429641
429778
429877
429934
429957
430254
430459
430608
430625
430635
430730
430815
430827
430874
430956
430966
431049
431259
431462
431467
431539
431583
431628
431663
431762
431849
431859
432131
432195
432236
432315
432334
432339
432497
432499
432518
432702
432714
432796
432929
432961
432970
433224
433239
433533
433663
434034
434056
434140
434161
434479
434511
434520
434534
434541
434616
434655
434730
435226
435246
435308
435414
435424
435552
435823
435848
435911
435922
435998
436136
436194
436420
436432
436445
436479
436493
436566
436749
436812
436934
436992
437014
437080
437119
437201
437209
437429
437430
437493
437598
437639
437745
437793
437896
437942
438126
438151
438274
438336
438373
438943
438966
439325
439394
439443
439567
439591
439753
440247
440317
440513
440518
440616
440709
440768
440818
440856
440901
441037
441168
441191
441250
441262
441333
441472
441475
441617
441619
441667
441715
441777
441813
441814
442004
442080
442087
442105
442107
442134
442170
442681
442696
442719
442814
442842
442923
442939
443197
443350
443372
443431
443460
443640
443672
443719
443781
443970
443990
444004
444093
444146
444156
444217
444406
444468
444601
444677
444756
444757
444882
445153
445262
445291
445476
445581
445603
445686
445802
445828
446122
446302
446477
446485
446493
446541
446712
446811
446858
446890
447161
447468
447521
447563
447654
447661
447725
447734
447772
447781
447814
447897
447930
448019
448043
448059
448476
448540
448558
448626
448701
448717
448769
448859
448931
449153
449253
449263
449303
449426
449467
449545
449771
449854
449883
449925
449983
449996
450145
450277
450310
450423
450429
450579
450827
450916
450987
451054
451107
451151
451177
451217
451256
451453
451592
451642
451653
451827
451901
451942
451944
452063
452093
452127
452212
452251
452317
452358
452614
452758
452762
452803
452943
452957
453005
453035
453135
453152
453196
453233
453309
453441
453558
453670
453742
453753
453777
454006
454044
454094
454132
454241
454269
454462
454545
454563
455209
455263
455285
455454
455467
455567
455668
455694
455698
455810
455820
455882
456053
456057
456248
456295
456328
456354
456438
456628
456706
456783
456880
457108
457175
457179
457206
457214
457318
457387
457545
457760
457773
457891
457992
458083
458212
458417
458430
458448
458526
458601
458628
458750
458983
459117
459161
459204
459390
459487
459840
459858
459903
460105
460164
460170
460187
460278
460289
460583
460601
460621
460658
460667
460671
460773
460920
460974
461194
461290
461408
461555
461603
461621
461816
461883
462006
462112
462152
462333
462421
462589
462736
462877
462899
462965
463074
463083
463139
463197
463257
463259
463493
463603
463656
463792
463797
463839
463840
463869
463891
464209
464324
464416
464458
464460
464484
464694
464702
464948
465008
465241
465350
465355
465515
465556
465698
465703
465704
465760
465975
466058
466601
466692
466701
466901
467145
467315
467370
467401
467630
467822
467923
467965
468066
468151
468453
468674
468729
468846
468968
468997
469022
469202
469266
469270
469335
469376
469399
469541
469667
469741
469954
469986
469989
470089
470198
470290
470377
470451
470508
470650
470917
470955
471005
471061
471129
471190
471305
471738
471892
472061
472068
472103
472230
472277
472286
472425
472764
473152
473208
473228
473440
473474
473580
473610
473684
473704
473772
473885
473905
473960
474000
474009
474036
474229
474312
474320
474328
474329
474358
474378
474385
474401
474569
474628
474677
474737
474767
474821
474985
475073
475454
475509
475770
475935
476068
476108
476147
476154
476265
476282
476505
476562
477342
477371
477374
477401
477521
477805
477988
478077
478175
478339
478367
478388
478429
478663
478702
479020
479229
479316
479368
479408
479783
479865
479916
479957
480024
480072
480127
480323
480325
480608
480724
480848
480959
481092
481189
481234
481299
481324
481327
481370
481540
481545
481684
481794
481910
482008
482185
482201
482369
482591
482629
482970
483146
483201
483258
483342
483394
483550
483576
483589
483661
483823
483949
484007
484068
484082
484090
484104
484108
484235
484271
484314
484452
484481
484801
484828
485083
485220
485294
485380
485712
485929
486375
486444
486557
486567
486682
487061
487351
487375
487378
487514
487568
487597
487607
487703
487710
487730
487835
487854
487882
487893
487990
488074
488083
488114
488157
488189
488330
488359
488370
488533
488560
488665
488723
488872
489035
489037
489150
489180
489183
489253
489501
489592
489685
489909
489949
489991
489994
490060
490233
490277
490539
490733
490830
490854
491052
491152
491176
491263
491360
491401
491469
491495
491608
491649
491686
491782
491818
491869
491874
491951
491972
492015
492118
492152
492169
492223
492537
492546
492611
492724
492900
492922
493039
493221
493367
493368
493579
493790
493836
494019
494202
494218
494297
494354
494372
494444
494565
494722
494724
494818
494936
495092
495118
495128
495296
495299
495758
495871
495918
495931
496136
496256
496323
496325
496334
496440
496509
496689
496720
496792
496819
496828
497021
497023
497070
497085
497191
497217
497341
497441
497452
497685
497748
497925
498105
498143
498148
498162
498211
498263
498315
498457
498551
498552
498726
498782
498801
498891
499083
499084
499232
499479
499527
499599
499917
